data
ºÂÂRšşšrdata ?
ch> data
 0000  0736  0224 
 0001  0725  0220 
 0002  0727  0221 
 0003  0728  0221 
 0004  0730  0222 
 0005  0729  0222 
 0006  0728  0221 
 0007  0726  0221 
 0008  0729  0222 
 0009  0728  0221 
 0010  0729  0222 
 0011  0730  0222 
 0012  0732  0223 
 0013  0728  0221 
 0014  0727  0221 
 0015  0728  0221 
 0016  0731  0222 
 0017  0726  0221 
 0018  0732  0223 
 0019  0729  0222 
 0020  0730  0222 
 0021  0733  0223 
 0022  0728  0221 
 0023  0729  0222 
 0024  0728  0221 
 0025  0730  0222 
 0026  0732  0223 
 0027  0728  0221 
 0028  0732  0223 
 0029  0729  0222 
 0030  0732  0223 
 0031  0735  0224 
 0032  0733  0223 
 0033  0731  0222 
 0034  0729  0222 
 0035  0733  0223 
 0036  0727  0221 
 0037  0732  0223 
 0038  0735  0224 
 0039  0732  0223 
 0040  0730  0222 
 0041  0732  0223 
 0042  0733  0223 
 0043  0731  0222 
 0044  0733  0223 
 0045  0730  0222 
 0046  0730  0222 
 0047  0730  0222 
 0048  0733  0223 
 0049  0732  0223 
 0050  0730  0222 
 0051  0734  0223 
 0052  0731  0222 
 0053  0730  0222 
 0054  0730  0222 
 0055  0733  0223 
 0056  0731  0222 
 0057  0733  0223 
 0058  0729  0222 
 0059  0732  0223 
 0060  0731  0222 
 0061  0733  0223 
 0062  0732  0223 
 0063  0732  0223 
 0064  0736  0224 
 0065  0730  0222 
 0066  0731  0222 
 0067  0730  0222 
 0068  0732  0223 
 0069  0732  0223 
 0070  0733  0223 
 0071  0729  0222 
 0072  0732  0223 
 0073  0732  0223 
 0074  0730  0222 
 0075  0732  0223 
 0076  0732  0223 
 0077  0733  0223 
 0078  0731  0222 
 0079  0729  0222 
 0080  0730  0222 
 0081  0731  0222 
 0082  0730  0222 
 0083  0730  0222 
 0084  0731  0222 
 0085  0733  0223 
 0086  0732  0223 
 0087  0732  0223 
 0088  0730  0222 
 0089  0730  0222 
 0090  0730  0222 
 0091  0733  0223 
 0092  0733  0223 
 0093  0731  0222 
 0094  0731  0222 
 0095  0729  0222 
 0096  0728  0221 
 0097  0727  0221 
 0098  0730  0222 
 0099  0729  0222 
 0100  0728  0221 
 0101  0728  0221 
 0102  0732  0223 
 0103  0732  0223 
 0104  0727  0221 
 0105  0727  0221 
 0106  0727  0221 
 0107  0727  0221 
 0108  0729  0222 
 0109  0731  0222 
 0110  0729  0222 
 0111  0731  0222 
 0112  0730  0222 
 0113  0726  0221 
 0114  0729  0222 
 0115  0729  0222 
 0116  0729  0222 
 0117  0728  0221 
 0118  0726  0221 
 0119  0725  0220 
 0120  0730  0222 
 0121  0728  0221 
 0122  0728  0221 
 0123  0730  0222 
 0124  0729  0222 
 0125  0729  0222 
 0126  0729  0222 
 0127  0729  0222 
 0128  0726  0221 
 0129  0731  0222 
 0130  0730  0222 
 0131  0729  0222 
 0132  0727  0221 
 0133  0729  0222 
 0134  0728  0221 
 0135  0728  0221 
 0136  0728  0221 
 0137  0728  0221 
 0138  0729  0222 
 0139  0728  0221 
 0140  0726  0221 
 0141  0727  0221 
 0142  0724  0220 
 0143  0729  0222 
 0144  0730  0222 
 0145  0731  0222 
 0146  0733  0223 
 0147  0731  0222 
 0148  0731  0222 
 0149  0732  0223 
 0150  0730  0222 
 0151  0728  0221 
 0152  0731  0222 
 0153  0730  0222 
 0154  0730  0222 
 0155  0730  0222 
 0156  0730  0222 
 0157  0732  0223 
 0158  0732  0223 
 0159  0731  0222 
 0160  0729  0222 
 0161  0730  0222 
 0162  0731  0222 
 0163  0729  0222 
 0164  0727  0221 
 0165  0733  0223 
 0166  0732  0223 
 0167  0735  0224 
 0168  0732  0223 
 0169  0731  0222 
 0170  0734  0223 
 0171  0731  0222 
 0172  0731  0222 
 0173  0730  0222 
 0174  0733  0223 
 0175  0734  0223 
 0176  0731  0222 
 0177  0735  0224 
 0178  0732  0223 
 0179  0737  0224 
 0180  0734  0223 
 0181  0736  0224 
 0182  0734  0223 
 0183  0738  0224 
 0184  0737  0224 
 0185  0733  0223 
 0186  0734  0223 
 0187  0738  0224 
 0188  0735  0224 
 0189  0736  0224 
 0190  0735  0224 
 0191  0737  0224 
 0192  0738  0224 
 0193  0737  0224 
 0194  0738  0224 
 0195  0740  0225 
 0196  0739  0225 
 0197  0735  0224 
 0198  0735  0224 
 0199  0740  0225 
 0200  0739  0225 
 0201  0738  0224 
 0202  0738  0224 
 0203  0738  0224 
 0204  0736  0224 
 0205  0737  0224 
 0206  0738  0224 
 0207  0736  0224 
 0208  0740  0225 
 0209  0738  0224 
 0210  0736  0224 
 0211  0735  0224 
 0212  0737  0224 
 0213  0739  0225 
 0214  0736  0224 
 0215  0739  0225 
 0216  0740  0225 
 0217  0736  0224 
 0218  0737  0224 
 0219  0738  0224 
 0220  0739  0225 
 0221  0738  0224 
 0222  0735  0224 
 0223  0738  0224 
 0224  0738  0224 
 0225  0737  0224 
 0226  0738  0224 
 0227  0736  0224 
 0228  0739  0225 
 0229  0739  0225 
 0230  0738  0224 
 0231  0736  0224 
 0232  0739  0225 
 0233  0738  0224 
 0234  0738  0224 
 0235  0737  0224 
 0236  0739  0225 
 0237  0736  0224 
 0238  0736  0224 
 0239  0738  0224 
 0240  0738  0224 
 0241  0739  0225 
 0242  0733  0223 
 0243  0735  0224 
 0244  0737  0224 
 0245  0733  0223 
 0246  0738  0224 
 0247  0736  0224 
 0248  0735  0224 
 0249  0737  0224 
 0250  0739  0225 
 0251  0736  0224 
 0252  0737  0224 
 0253  0739  0225 
 0254  0740  0225 
 0255  0735  0224 
 0256  0736  0224 
 0257  0738  0224 
 0258  0737  0224 
 0259  0738  0224 
 0260  0739  0225 
 0261  0736  0224 
 0262  0737  0224 
 0263  0735  0224 
 0264  0739  0225 
 0265  0737  0224 
 0266  0738  0224 
 0267  0738  0224 
 0268  0739  0225 
 0269  0737  0224 
 0270  0738  0224 
 0271  0739  0225 
 0272  0739  0225 
 0273  0736  0224 
 0274  0736  0224 
 0275  0738  0224 
 0276  0738  0224 
 0277  0740  0225 
 0278  0741  0225 
 0279  0736  0224 
 0280  0738  0224 
 0281  0737  0224 
 0282  0736  0224 
 0283  0735  0224 
 0284  0736  0224 
 0285  0736  0224 
 0286  0741  0225 
 0287  0740  0225 
 0288  0738  0224 
 0289  0741  0225 
 0290  0738  0224 
 0291  0743  0226 
 0292  0739  0225 
 0293  0739  0225 
 0294  0737  0224 
 0295  0739  0225 
 0296  0738  0224 
 0297  0742  0226 
 0298  0739  0225 
 0299  0738  0224 
 0300  0737  0224 
 0301  0737  0224 
 0302  0738  0224 
 0303  0736  0224 
 0304  0738  0224 
 0305  0738  0224 
 0306  0741  0225 
 0307  0737  0224 
 0308  0739  0225 
 0309  0738  0224 
 0310  0742  0226 
 0311  0739  0225 
 0312  0739  0225 
 0313  0737  0224 
 0314  0739  0225 
 0315  0738  0224 
 0316  0736  0224 
 0317  0737  0224 
 0318  0739  0225 
 0319  0739  0225 
 0320  0739  0225 
 0321  0740  0225 
 0322  0740  0225 
 0323  0737  0224 
 0324  0742  0226 
 0325  0740  0225 
 0326  0743  0226 
 0327  0739  0225 
 0328  0736  0224 
 0329  0739  0225 
 0330  0741  0225 
 0331  0740  0225 
 0332  0738  0224 
 0333  0737  0224 
 0334  0737  0224 
 0335  0736  0224 
 0336  0741  0225 
 0337  0741  0225 
 0338  0741  0225 
 0339  0739  0225 
 0340  0739  0225 
 0341  0741  0225 
 0342  0740  0225 
 0343  0738  0224 
 0344  0735  0224 
 0345  0739  0225 
 0346  0737  0224 
 0347  0737  0224 
 0348  0736  0224 
 0349  0741  0225 
 0350  0739  0225 
 0351  0740  0225 
 0352  0740  0225 
 0353  0739  0225 
 0354  0740  0225 
 0355  0738  0224 
 0356  0737  0224 
 0357  0741  0225 
 0358  0738  0224 
 0359  0742  0226 
 0360  0739  0225 
 0361  0741  0225 
 0362  0739  0225 
 0363  0744  0226 
 0364  0738  0224 
 0365  0742  0226 
 0366  0738  0224 
 0367  0737  0224 
 0368  0739  0225 
 0369  0740  0225 
 0370  0740  0225 
 0371  0738  0224 
 0372  0738  0224 
 0373  0738  0224 
 0374  0739  0225 
 0375  0736  0224 
 0376  0737  0224 
 0377  0738  0224 
 0378  0741  0225 
 0379  0740  0225 
 0380  0736  0224 
 0381  0738  0224 
 0382  0738  0224 
 0383  0738  0224 
 0384  0737  0224 
 0385  0735  0224 
 0386  0738  0224 
 0387  0736  0224 
 0388  0736  0224 
 0389  0739  0225 
 0390  0738  0224 
 0391  0740  0225 
 0392  0739  0225 
 0393  0742  0226 
 0394  0738  0224 
 0395  0738  0224 
 0396  0737  0224 
 0397  0736  0224 
 0398  0737  0224 
 0399  0736  0224 
 0400  0736  0224 
 0401  0735  0224 
 0402  0739  0225 
 0403  0740  0225 
 0404  0736  0224 
 0405  0737  0224 
 0406  0736  0224 
 0407  0733  0223 
 0408  0736  0224 
 0409  0733  0223 
 0410  0738  0224 
 0411  0740  0225 
 0412  0740  0225 
 0413  0734  0223 
 0414  0735  0224 
 0415  0736  0224 
 0416  0738  0224 
 0417  0737  0224 
 0418  0734  0223 
 0419  0739  0225 
 0420  0736  0224 
 0421  0739  0225 
 0422  0741  0225 
 0423  0738  0224 
 0424  0740  0225 
 0425  0742  0226 
 0426  0740  0225 
 0427  0740  0225 
 0428  0742  0226 
 0429  0737  0224 
 0430  0737  0224 
 0431  0742  0226 
 0432  0738  0224 
 0433  0738  0224 
 0434  0742  0226 
 0435  0742  0226 
 0436  0740  0225 
 0437  0741  0225 
 0438  0739  0225 
 0439  0738  0224 
 0440  0739  0225 
 0441  0741  0225 
 0442  0742  0226 
 0443  0740  0225 
 0444  0741  0225 
 0445  0738  0224 
 0446  0740  0225 
 0447  0737  0224 
 0448  0735  0224 
 0449  0737  0224 
 0450  0740  0225 
 0451  0739  0225 
 0452  0739  0225 
 0453  0741  0225 
 0454  0737  0224 
 0455  0739  0225 
 0456  0740  0225 
 0457  0740  0225 
 0458  0735  0224 
 0459  0735  0224 
 0460  0737  0224 
 0461  0737  0224 
 0462  0740  0225 
 0463  0740  0225 
 0464  0737  0224 
 0465  0737  0224 
 0466  0738  0224 
 0467  0738  0224 
 0468  0736  0224 
 0469  0738  0224 
 0470  0739  0225 
 0471  0736  0224 
 0472  0736  0224 
 0473  0739  0225 
 0474  0735  0224 
 0475  0736  0224 
 0476  0739  0225 
 0477  0737  0224 
 0478  0736  0224 
 0479  0737  0224 
 0480  0738  0224 
 0481  0736  0224 
 0482  0736  0224 
 0483  0738  0224 
 0484  0738  0224 
 0485  0738  0224 
 0486  0741  0225 
 0487  0738  0224 
 0488  0739  0225 
 0489  0743  0226 
 0490  0736  0224 
 0491  0738  0224 
 0492  0740  0225 
 0493  0737  0224 
 0494  0738  0224 
 0495  0742  0226 
 0496  0741  0225 
 0497  0741  0225 
 0498  0738  0224 
 0499  0742  0226 
 0500  0740  0225 
 0501  0741  0225 
 0502  0741  0225 
 0503  0742  0226 
 0504  0741  0225 
 0505  0742  0226 
 0506  0742  0226 
 0507  0741  0225 
 0508  0744  0226 
 0509  0741  0225 
 0510  0742  0226 
 0511  0742  0226 
 0512  0745  0227 
 0513  0744  0226 
 0514  0744  0226 
 0515  0741  0225 
 0516  0744  0226 
 0517  0740  0225 
 0518  0742  0226 
 0519  0742  0226 
 0520  0742  0226 
 0521  0745  0227 
 0522  0743  0226 
 0523  0743  0226 
 0524  0743  0226 
 0525  0742  0226 
 0526  0741  0225 
 0527  0741  0225 
 0528  0743  0226 
 0529  0745  0227 
 0530  0744  0226 
 0531  0743  0226 
 0532  0745  0227 
 0533  0741  0225 
 0534  0744  0226 
 0535  0743  0226 
 0536  0743  0226 
 0537  0748  0227 
 0538  0748  0227 
 0539  0743  0226 
 0540  0743  0226 
 0541  0748  0227 
 0542  0745  0227 
 0543  0749  0228 
 0544  0744  0226 
 0545  0746  0227 
 0546  0747  0227 
 0547  0744  0226 
 0548  0748  0227 
 0549  0748  0227 
 0550  0751  0228 
 0551  0745  0227 
 0552  0750  0228 
 0553  0747  0227 
 0554  0749  0228 
 0555  0750  0228 
 0556  0747  0227 
 0557  0745  0227 
 0558  0746  0227 
 0559  0746  0227 
 0560  0748  0227 
 0561  0749  0228 
 0562  0749  0228 
 0563  0748  0227 
 0564  0751  0228 
 0565  0751  0228 
 0566  0750  0228 
 0567  0750  0228 
 0568  0748  0227 
 0569  0752  0229 
 0570  0752  0229 
 0571  0753  0229 
 0572  0750  0228 
 0573  0749  0228 
 0574  0754  0229 
 0575  0750  0228 
 0576  0752  0229 
 0577  0754  0229 
 0578  0751  0228 
 0579  0748  0227 
 0580  0752  0229 
 0581  0747  0227 
 0582  0751  0228 
 0583  0753  0229 
 0584  0751  0228 
 0585  0753  0229 
 0586  0753  0229 
 0587  0755  0230 
 0588  0753  0229 
 0589  0755  0230 
 0590  0754  0229 
 0591  0753  0229 
 0592  0758  0231 
 0593  0754  0229 
 0594  0756  0230 
 0595  0757  0230 
 0596  0753  0229 
 0597  0755  0230 
 0598  0753  0229 
 0599  0755  0230 
 0600  0754  0229 
 0601  0758  0231 
 0602  0758  0231 
 0603  0761  0231 
 0604  0757  0230 
 0605  0759  0231 
 0606  0758  0231 
 0607  0759  0231 
 0608  0759  0231 
 0609  0759  0231 
 0610  0758  0231 
 0611  0757  0230 
 0612  0758  0231 
 0613  0759  0231 
 0614  0759  0231 
 0615  0762  0232 
 0616  0759  0231 
 0617  0761  0231 
 0618  0762  0232 
 0619  0762  0232 
 0620  0761  0231 
 0621  0761  0231 
 0622  0760  0231 
 0623  0761  0231 
 0624  0762  0232 
 0625  0763  0232 
 0626  0762  0232 
 0627  0764  0232 
 0628  0761  0231 
 0629  0763  0232 
 0630  0765  0233 
 0631  0766  0233 
 0632  0763  0232 
 0633  0766  0233 
 0634  0763  0232 
 0635  0765  0233 
 0636  0764  0232 
 0637  0764  0232 
 0638  0766  0233 
 0639  0765  0233 
 0640  0763  0232 
 0641  0764  0232 
 0642  0768  0234 
 0643  0763  0232 
 0644  0768  0234 
 0645  0765  0233 
 0646  0762  0232 
 0647  0763  0232 
 0648  0767  0233 
 0649  0767  0233 
 0650  0765  0233 
 0651  0765  0233 
 0652  0771  0235 
 0653  0769  0234 
 0654  0766  0233 
 0655  0766  0233 
 0656  0767  0233 
 0657  0769  0234 
 0658  0770  0234 
 0659  0770  0234 
 0660  0767  0233 
 0661  0774  0235 
 0662  0769  0234 
 0663  0769  0234 
 0664  0771  0235 
 0665  0769  0234 
 0666  0767  0233 
 0667  0770  0234 
 0668  0769  0234 
 0669  0766  0233 
 0670  0772  0235 
 0671  0771  0235 
 0672  0770  0234 
 0673  0771  0235 
 0674  0772  0235 
 0675  0773  0235 
 0676  0774  0235 
 0677  0772  0235 
 0678  0772  0235 
 0679  0773  0235 
 0680  0772  0235 
 0681  0774  0235 
 0682  0773  0235 
 0683  0774  0235 
 0684  0773  0235 
 0685  0772  0235 
 0686  0775  0236 
 0687  0776  0236 
 0688  0772  0235 
 0689  0776  0236 
 0690  0774  0235 
 0691  0776  0236 
 0692  0773  0235 
 0693  0777  0236 
 0694  0774  0235 
 0695  0778  0237 
 0696  0774  0235 
 0697  0775  0236 
 0698  0771  0235 
 0699  0770  0234 
 0700  0774  0235 
 0701  0774  0235 
 0702  0773  0235 
 0703  0773  0235 
 0704  0772  0235 
 0705  0772  0235 
 0706  0777  0236 
 0707  0772  0235 
 0708  0774  0235 
 0709  0775  0236 
 0710  0772  0235 
 0711  0772  0235 
 0712  0771  0235 
 0713  0768  0234 
 0714  0770  0234 
 0715  0772  0235 
 0716  0772  0235 
 0717  0772  0235 
 0718  0773  0235 
 0719  0766  0233 
 0720  0772  0235 
 0721  0770  0234 
 0722  0772  0235 
 0723  0774  0235 
 0724  0770  0234 
 0725  0771  0235 
 0726  0771  0235 
 0727  0771  0235 
 0728  0770  0234 
 0729  0771  0235 
 0730  0774  0235 
 0731  0770  0234 
 0732  0771  0235 
 0733  0769  0234 
 0734  0770  0234 
 0735  0772  0235 
 0736  0768  0234 
 0737  0773  0235 
 0738  0774  0235 
 0739  0772  0235 
 0740  0769  0234 
 0741  0773  0235 
 0742  0773  0235 
 0743  0771  0235 
 0744  0772  0235 
 0745  0775  0236 
 0746  0775  0236 
 0747  0769  0234 
 0748  0773  0235 
 0749  0775  0236 
 0750  0772  0235 
 0751  0769  0234 
 0752  0771  0235 
 0753  0777  0236 
 0754  0769  0234 
 0755  0772  0235 
 0756  0773  0235 
 0757  0774  0235 
 0758  0772  0235 
 0759  0773  0235 
 0760  0772  0235 
 0761  0770  0234 
 0762  0778  0237 
 0763  0772  0235 
 0764  0773  0235 
 0765  0777  0236 
 0766  0775  0236 
 0767  0774  0235 
 0768  0772  0235 
 0769  0775  0236 
 0770  0774  0235 
 0771  0774  0235 
 0772  0773  0235 
 0773  0776  0236 
 0774  0773  0235 
 0775  0775  0236 
 0776  0774  0235 
 0777  0770  0234 
 0778  0776  0236 
 0779  0774  0235 
 0780  0776  0236 
 0781  0776  0236 
 0782  0776  0236 
 0783  0775  0236 
 0784  0774  0235 
 0785  0773  0235 
 0786  0773  0235 
 0787  0777  0236 
 0788  0771  0235 
 0789  0774  0235 
 0790  0774  0235 
 0791  0774  0235 
 0792  0770  0234 
 0793  0773  0235 
 0794  0772  0235 
 0795  0774  0235 
 0796  0774  0235 
 0797  0772  0235 
 0798  0770  0234 
 0799  0772  0235 
 0800  0770  0234 
 0801  0771  0235 
 0802  0772  0235 
 0803  0773  0235 
 0804  0775  0236 
 0805  0772  0235 
 0806  0775  0236 
 0807  0774  0235 
 0808  0774  0235 
 0809  0776  0236 
 0810  0777  0236 
 0811  0775  0236 
 0812  0776  0236 
 0813  0775  0236 
 0814  0774  0235 
 0815  0773  0235 
 0816  0774  0235 
 0817  0772  0235 
 0818  0772  0235 
 0819  0773  0235 
 0820  0773  0235 
 0821  0771  0235 
 0822  0771  0235 
 0823  0773  0235 
 0824  0774  0235 
 0825  0771  0235 
 0826  0771  0235 
 0827  0774  0235 
 0828  0777  0236 
 0829  0773  0235 
 0830  0772  0235 
 0831  0773  0235 
 0832  0773  0235 
 0833  0775  0236 
 0834  0771  0235 
 0835  0770  0234 
 0836  0772  0235 
 0837  0768  0234 
 0838  0771  0235 
 0839  0775  0236 
 0840  0775  0236 
 0841  0773  0235 
 0842  0771  0235 
 0843  0773  0235 
 0844  0773  0235 
 0845  0773  0235 
 0846  0774  0235 
 0847  0776  0236 
 0848  0774  0235 
 0849  0771  0235 
 0850  0770  0234 
 0851  0774  0235 
 0852  0775  0236 
 0853  0773  0235 
 0854  0771  0235 
 0855  0770  0234 
 0856  0772  0235 
 0857  0774  0235 
 0858  0769  0234 
 0859  0774  0235 
 0860  0773  0235 
 0861  0772  0235 
 0862  0774  0235 
 0863  0774  0235 
 0864  0777  0236 
 0865  0773  0235 
 0866  0773  0235 
 0867  0775  0236 
 0868  0772  0235 
 0869  0772  0235 
 0870  0773  0235 
 0871  0772  0235 
 0872  0773  0235 
 0873  0774  0235 
 0874  0774  0235 
 0875  0774  0235 
 0876  0773  0235 
 0877  0773  0235 
 0878  0770  0234 
 0879  0775  0236 
 0880  0772  0235 
 0881  0768  0234 
 0882  0773  0235 
 0883  0775  0236 
 0884  0773  0235 
 0885  0774  0235 
 0886  0774  0235 
 0887  0773  0235 
 0888  0769  0234 
 0889  0775  0236 
 0890  0770  0234 
 0891  0772  0235 
 0892  0771  0235 
 0893  0771  0235 
 0894  0772  0235 
 0895  0772  0235 
 0896  0773  0235 
 0897  0778  0237 
 0898  0776  0236 
 0899  0772  0235 
 0900  0772  0235 
 0901  0769  0234 
 0902  0772  0235 
 0903  0770  0234 
 0904  0772  0235 
 0905  0777  0236 
 0906  0772  0235 
 0907  0772  0235 
 0908  0772  0235 
 0909  0771  0235 
 0910  0774  0235 
 0911  0775  0236 
 0912  0777  0236 
 0913  0775  0236 
 0914  0774  0235 
 0915  0775  0236 
 0916  0774  0235 
 0917  0775  0236 
 0918  0773  0235 
 0919  0773  0235 
 0920  0773  0235 
 0921  0771  0235 
 0922  0769  0234 
 0923  0775  0236 
 0924  0771  0235 
 0925  0771  0235 
 0926  0774  0235 
 0927  0771  0235 
 0928  0775  0236 
 0929  0773  0235 
 0930  0771  0235 
 0931  0774  0235 
 0932  0774  0235 
 0933  0770  0234 
 0934  0772  0235 
 0935  0771  0235 
 0936  0772  0235 
 0937  0771  0235 
 0938  0771  0235 
 0939  0769  0234 
 0940  0769  0234 
 0941  0772  0235 
 0942  0767  0233 
 0943  0769  0234 
 0944  0771  0235 
 0945  0770  0234 
 0946  0770  0234 
 0947  0773  0235 
 0948  0769  0234 
 0949  0771  0235 
 0950  0768  0234 
 0951  0773  0235 
 0952  0769  0234 
 0953  0767  0233 
 0954  0769  0234 
 0955  0767  0233 
 0956  0766  0233 
 0957  0769  0234 
 0958  0769  0234 
 0959  0771  0235 
 0960  0769  0234 
 0961  0772  0235 
 0962  0772  0235 
 0963  0771  0235 
 0964  0774  0235 
 0965  0769  0234 
 0966  0769  0234 
 0967  0770  0234 
 0968  0770  0234 
 0969  0772  0235 
 0970  0773  0235 
 0971  0776  0236 
 0972  0774  0235 
 0973  0773  0235 
 0974  0774  0235 
 0975  0771  0235 
 0976  0774  0235 
 0977  0770  0234 
 0978  0773  0235 
 0979  0772  0235 
 0980  0773  0235 
 0981  0773  0235 
 0982  0772  0235 
 0983  0771  0235 
 0984  0776  0236 
 0985  0780  0237 
 0986  0778  0237 
 0987  0779  0237 
 0988  0777  0236 
 0989  0779  0237 
 0990  0777  0236 
 0991  0779  0237 
 0992  0780  0237 
 0993  0778  0237 
 0994  0778  0237 
 0995  0779  0237 
 0996  0781  0238 
 0997  0778  0237 
 0998  0777  0236 
 0999  0781  0238 
 1000  0781  0238 
 1001  0781  0238 
 1002  0783  0238 
 1003  0785  0239 
 1004  0785  0239 
 1005  0783  0238 
 1006  0785  0239 
 1007  0783  0238 
 1008  0784  0238 
 1009  0779  0237 
 1010  0784  0238 
 1011  0782  0238 
 1012  0781  0238 
 1013  0784  0238 
 1014  0784  0238 
 1015  0785  0239 
 1016  0784  0238 
 1017  0786  0239 
 1018  0784  0238 
 1019  0783  0238 
 1020  0785  0239 
 1021  0785  0239 
 1022  0784  0238 
 1023  0786  0239 
 1024  0785  0239 
 1025  0789  0240 
 1026  0789  0240 
 1027  0788  0240 
 1028  0790  0240 
 1029  0787  0239 
 1030  0792  0241 
 1031  0790  0240 
 1032  0793  0241 
 1033  0791  0241 
 1034  0786  0239 
 1035  0786  0239 
 1036  0793  0241 
 1037  0794  0242 
 1038  0790  0240 
 1039  0787  0239 
 1040  0792  0241 
 1041  0787  0239 
 1042  0786  0239 
 1043  0792  0241 
 1044  0794  0242 
 1045  0789  0240 
 1046  0786  0239 
 1047  0788  0240 
 1048  0789  0240 
 1049  0791  0241 
 1050  0792  0241 
 1051  0788  0240 
 1052  0790  0240 
 1053  0788  0240 
 1054  0791  0241 
 1055  0788  0240 
 1056  0792  0241 
 1057  0786  0239 
 1058  0787  0239 
 1059  0791  0241 
 1060  0790  0240 
 1061  0791  0241 
 1062  0790  0240 
 1063  0787  0239 
 1064  0788  0240 
 1065  0792  0241 
 1066  0789  0240 
 1067  0785  0239 
 1068  0787  0239 
 1069  0786  0239 
 1070  0788  0240 
 1071  0786  0239 
 1072  0792  0241 
 1073  0790  0240 
 1074  0788  0240 
 1075  0789  0240 
 1076  0785  0239 
 1077  0787  0239 
 1078  0790  0240 
 1079  0789  0240 
 1080  0789  0240 
 1081  0783  0238 
 1082  0789  0240 
 1083  0789  0240 
 1084  0789  0240 
 1085  0786  0239 
 1086  0788  0240 
 1087  0783  0238 
 1088  0788  0240 
 1089  0786  0239 
 1090  0786  0239 
 1091  0791  0241 
 1092  0786  0239 
 1093  0789  0240 
 1094  0787  0239 
 1095  0792  0241 
 1096  0787  0239 
 1097  0790  0240 
 1098  0785  0239 
 1099  0792  0241 
 1100  0791  0241 
 1101  0788  0240 
 1102  0790  0240 
 1103  0789  0240 
 1104  0789  0240 
 1105  0789  0240 
 1106  0787  0239 
 1107  0788  0240 
 1108  0788  0240 
 1109  0788  0240 
 1110  0785  0239 
 1111  0789  0240 
 1112  0786  0239 
 1113  0785  0239 
 1114  0788  0240 
 1115  0788  0240 
 1116  0791  0241 
 1117  0789  0240 
 1118  0787  0239 
 1119  0788  0240 
 1120  0786  0239 
 1121  0789  0240 
 1122  0788  0240 
 1123  0790  0240 
 1124  0787  0239 
 1125  0792  0241 
 1126  0789  0240 
 1127  0788  0240 
 1128  0785  0239 
 1129  0786  0239 
 1130  0786  0239 
 1131  0787  0239 
 1132  0786  0239 
 1133  0785  0239 
 1134  0786  0239 
 1135  0786  0239 
 1136  0790  0240 
 1137  0788  0240 
 1138  0789  0240 
 1139  0787  0239 
 1140  0785  0239 
 1141  0792  0241 
 1142  0786  0239 
 1143  0787  0239 
 1144  0790  0240 
 1145  0787  0239 
 1146  0789  0240 
 1147  0788  0240 
 1148  0791  0241 
 1149  0788  0240 
 1150  0788  0240 
 1151  0785  0239 
 1152  0788  0240 
 1153  0790  0240 
 1154  0787  0239 
 1155  0786  0239 
 1156  0789  0240 
 1157  0788  0240 
 1158  0789  0240 
 1159  0788  0240 
 1160  0788  0240 
 1161  0791  0241 
 1162  0786  0239 
 1163  0789  0240 
 1164  0787  0239 
 1165  0791  0241 
 1166  0789  0240 
 1167  0788  0240 
 1168  0788  0240 
 1169  0791  0241 
 1170  0790  0240 
 1171  0788  0240 
 1172  0788  0240 
 1173  0791  0241 
 1174  0793  0241 
 1175  0790  0240 
 1176  0788  0240 
 1177  0789  0240 
 1178  0787  0239 
 1179  0791  0241 
 1180  0790  0240 
 1181  0789  0240 
 1182  0788  0240 
 1183  0789  0240 
 1184  0787  0239 
 1185  0784  0238 
 1186  0784  0238 
 1187  0786  0239 
 1188  0786  0239 
 1189  0787  0239 
 1190  0792  0241 
 1191  0789  0240 
 1192  0789  0240 
 1193  0792  0241 
 1194  0792  0241 
 1195  0788  0240 
 1196  0789  0240 
 1197  0790  0240 
 1198  0790  0240 
 1199  0792  0241 
 1200  0791  0241 
 1201  0788  0240 
 1202  0790  0240 
 1203  0790  0240 
 1204  0786  0239 
 1205  0788  0240 
 1206  0789  0240 
 1207  0789  0240 
 1208  0786  0239 
 1209  0788  0240 
 1210  0791  0241 
 1211  0787  0239 
 1212  0787  0239 
 1213  0787  0239 
 1214  0787  0239 
 1215  0790  0240 
 1216  0789  0240 
 1217  0786  0239 
 1218  0788  0240 
 1219  0787  0239 
 1220  0789  0240 
 1221  0792  0241 
 1222  0786  0239 
 1223  0788  0240 
 1224  0786  0239 
 1225  0787  0239 
 1226  0789  0240 
 1227  0790  0240 
 1228  0784  0238 
 1229  0788  0240 
 1230  0789  0240 
 1231  0786  0239 
 1232  0788  0240 
 1233  0788  0240 
 1234  0789  0240 
 1235  0789  0240 
 1236  0789  0240 
 1237  0791  0241 
 1238  0791  0241 
 1239  0793  0241 
 1240  0787  0239 
 1241  0787  0239 
 1242  0791  0241 
 1243  0788  0240 
 1244  0785  0239 
 1245  0791  0241 
 1246  0787  0239 
 1247  0786  0239 
 1248  0789  0240 
 1249  0787  0239 
 1250  0786  0239 
 1251  0789  0240 
 1252  0788  0240 
 1253  0787  0239 
 1254  0789  0240 
 1255  0786  0239 
 1256  0790  0240 
 1257  0786  0239 
 1258  0789  0240 
 1259  0788  0240 
 1260  0787  0239 
 1261  0788  0240 
 1262  0788  0240 
 1263  0788  0240 
 1264  0787  0239 
 1265  0787  0239 
 1266  0789  0240 
 1267  0793  0241 
 1268  0787  0239 
 1269  0790  0240 
 1270  0788  0240 
 1271  0791  0241 
 1272  0790  0240 
 1273  0791  0241 
 1274  0789  0240 
 1275  0794  0242 
 1276  0790  0240 
 1277  0791  0241 
 1278  0790  0240 
 1279  0786  0239 
 1280  0792  0241 
 1281  0787  0239 
 1282  0789  0240 
 1283  0790  0240 
 1284  0790  0240 
 1285  0788  0240 
 1286  0787  0239 
 1287  0789  0240 
 1288  0787  0239 
 1289  0791  0241 
 1290  0792  0241 
 1291  0788  0240 
 1292  0786  0239 
 1293  0789  0240 
 1294  0790  0240 
 1295  0789  0240 
 1296  0790  0240 
 1297  0789  0240 
 1298  0784  0238 
 1299  0787  0239 
 1300  0792  0241 
 1301  0785  0239 
 1302  0788  0240 
 1303  0788  0240 
 1304  0786  0239 
 1305  0785  0239 
 1306  0781  0238 
 1307  0788  0240 
 1308  0789  0240 
 1309  0790  0240 
 1310  0787  0239 
 1311  0783  0238 
 1312  0784  0238 
 1313  0784  0238 
 1314  0784  0238 
 1315  0788  0240 
 1316  0783  0238 
 1317  0782  0238 
 1318  0787  0239 
 1319  0786  0239 
 1320  0786  0239 
 1321  0784  0238 
 1322  0784  0238 
 1323  0785  0239 
 1324  0783  0238 
 1325  0784  0238 
 1326  0782  0238 
 1327  0784  0238 
 1328  0782  0238 
 1329  0784  0238 
 1330  0781  0238 
 1331  0781  0238 
 1332  0784  0238 
 1333  0781  0238 
 1334  0782  0238 
 1335  0782  0238 
 1336  0779  0237 
 1337  0781  0238 
 1338  0781  0238 
 1339  0786  0239 
 1340  0781  0238 
 1341  0780  0237 
 1342  0780  0237 
 1343  0783  0238 
 1344  0781  0238 
 1345  0778  0237 
 1346  0780  0237 
 1347  0779  0237 
 1348  0778  0237 
 1349  0777  0236 
 1350  0780  0237 
 1351  0779  0237 
 1352  0775  0236 
 1353  0781  0238 
 1354  0774  0235 
 1355  0778  0237 
 1356  0779  0237 
 1357  0779  0237 
 1358  0777  0236 
 1359  0779  0237 
 1360  0775  0236 
 1361  0775  0236 
 1362  0777  0236 
 1363  0777  0236 
 1364  0775  0236 
 1365  0776  0236 
 1366  0775  0236 
 1367  0776  0236 
 1368  0778  0237 
 1369  0777  0236 
 1370  0777  0236 
 1371  0777  0236 
 1372  0778  0237 
 1373  0774  0235 
 1374  0778  0237 
 1375  0775  0236 
 1376  0773  0235 
 1377  0774  0235 
 1378  0773  0235 
 1379  0773  0235 
 1380  0776  0236 
 1381  0773  0235 
 1382  0772  0235 
 1383  0774  0235 
 1384  0774  0235 
 1385  0771  0235 
 1386  0772  0235 
 1387  0770  0234 
 1388  0770  0234 
 1389  0770  0234 
 1390  0769  0234 
 1391  0771  0235 
 1392  0769  0234 
 1393  0769  0234 
 1394  0771  0235 
 1395  0773  0235 
 1396  0769  0234 
 1397  0768  0234 
 1398  0769  0234 
 1399  0768  0234 
 1400  0769  0234 
 1401  0767  0233 
 1402  0767  0233 
 1403  0766  0233 
 1404  0766  0233 
 1405  0765  0233 
 1406  0761  0231 
 1407  0765  0233 
 1408  0766  0233 
 1409  0761  0231 
 1410  0767  0233 
 1411  0763  0232 
 1412  0764  0232 
 1413  0762  0232 
 1414  0763  0232 
 1415  0760  0231 
 1416  0762  0232 
 1417  0762  0232 
 1418  0760  0231 
 1419  0761  0231 
 1420  0761  0231 
 1421  0763  0232 
 1422  0759  0231 
 1423  0760  0231 
 1424  0759  0231 
 1425  0760  0231 
 1426  0757  0230 
 1427  0760  0231 
 1428  0761  0231 
 1429  0760  0231 
 1430  0763  0232 
 1431  0762  0232 
 1432  0761  0231 
 1433  0757  0230 
 1434  0759  0231 
 1435  0761  0231 
 1436  0758  0231 
 1437  0758  0231 
 1438  0760  0231 
 1439  0760  0231 
 1440  0762  0232 
 1441  0760  0231 
 1442  0760  0231 
 1443  0760  0231 
 1444  0757  0230 
 1445  0757  0230 
 1446  0759  0231 
 1447  0760  0231 
 1448  0755  0230 
 1449  0759  0231 
 1450  0760  0231 
 1451  0755  0230 
 1452  0757  0230 
 1453  0758  0231 
 1454  0760  0231 
 1455  0761  0231 
 1456  0759  0231 
 1457  0760  0231 
 1458  0760  0231 
 1459  0759  0231 
 1460  0753  0229 
 1461  0759  0231 
 1462  0761  0231 
 1463  0757  0230 
 1464  0758  0231 
 1465  0757  0230 
 1466  0757  0230 
 1467  0755  0230 
 1468  0759  0231 
 1469  0757  0230 
 1470  0757  0230 
 1471  0755  0230 
 1472  0757  0230 
 1473  0758  0231 
 1474  0756  0230 
 1475  0759  0231 
 1476  0757  0230 
 1477  0756  0230 
 1478  0757  0230 
 1479  0755  0230 
 1480  0758  0231 
 1481  0757  0230 
 1482  0760  0231 
 1483  0757  0230 
 1484  0755  0230 
 1485  0757  0230 
 1486  0759  0231 
 1487  0755  0230 
 1488  0756  0230 
 1489  0759  0231 
 1490  0760  0231 
 1491  0756  0230 
 1492  0759  0231 
 1493  0756  0230 
 1494  0757  0230 
 1495  0755  0230 
 1496  0757  0230 
 1497  0757  0230 
 1498  0756  0230 
 1499  0761  0231 
 1500  0761  0231 
 1501  0757  0230 
 1502  0758  0231 
 1503  0759  0231 
 1504  0756  0230 
 1505  0759  0231 
 1506  0757  0230 
 1507  0756  0230 
 1508  0755  0230 
 1509  0758  0231 
 1510  0756  0230 
 1511  0761  0231 
 1512  0756  0230 
 1513  0758  0231 
 1514  0759  0231 
 1515  0758  0231 
 1516  0758  0231 
 1517  0760  0231 
 1518  0756  0230 
 1519  0758  0231 
 1520  0757  0230 
 1521  0758  0231 
 1522  0758  0231 
 1523  0758  0231 
 1524  0760  0231 
 1525  0756  0230 
 1526  0757  0230 
 1527  0760  0231 
 1528  0755  0230 
 1529  0757  0230 
 1530  0759  0231 
 1531  0758  0231 
 1532  0758  0231 
 1533  0756  0230 
 1534  0757  0230 
 1535  0759  0231 
 1536  0756  0230 
 1537  0756  0230 
 1538  0757  0230 
 1539  0758  0231 
 1540  0760  0231 
 1541  0755  0230 
 1542  0756  0230 
 1543  0756  0230 
 1544  0760  0231 
 1545  0760  0231 
 1546  0760  0231 
 1547  0757  0230 
 1548  0757  0230 
 1549  0756  0230 
 1550  0757  0230 
 1551  0757  0230 
 1552  0758  0231 
 1553  0759  0231 
 1554  0755  0230 
 1555  0759  0231 
 1556  0755  0230 
 1557  0757  0230 
 1558  0757  0230 
 1559  0755  0230 
 1560  0758  0231 
 1561  0757  0230 
 1562  0757  0230 
 1563  0757  0230 
 1564  0755  0230 
 1565  0754  0229 
 1566  0754  0229 
 1567  0757  0230 
 1568  0759  0231 
 1569  0757  0230 
 1570  0757  0230 
 1571  0754  0229 
 1572  0755  0230 
 1573  0757  0230 
 1574  0756  0230 
 1575  0759  0231 
 1576  0757  0230 
 1577  0756  0230 
 1578  0758  0231 
 1579  0755  0230 
 1580  0757  0230 
 1581  0760  0231 
 1582  0760  0231 
 1583  0759  0231 
 1584  0755  0230 
 1585  0753  0229 
 1586  0752  0229 
 1587  0758  0231 
 1588  0757  0230 
 1589  0756  0230 
 1590  0757  0230 
 1591  0754  0229 
 1592  0758  0231 
 1593  0756  0230 
 1594  0755  0230 
 1595  0755  0230 
 1596  0754  0229 
 1597  0755  0230 
 1598  0755  0230 
 1599  0753  0229 
 1600  0756  0230 
 1601  0756  0230 
 1602  0756  0230 
 1603  0753  0229 
 1604  0757  0230 
 1605  0756  0230 
 1606  0753  0229 
 1607  0756  0230 
 1608  0753  0229 
 1609  0751  0228 
 1610  0754  0229 
 1611  0754  0229 
 1612  0756  0230 
 1613  0752  0229 
 1614  0756  0230 
 1615  0757  0230 
 1616  0753  0229 
 1617  0758  0231 
 1618  0755  0230 
 1619  0754  0229 
 1620  0755  0230 
 1621  0754  0229 
 1622  0757  0230 
 1623  0755  0230 
 1624  0753  0229 
 1625  0754  0229 
 1626  0752  0229 
 1627  0754  0229 
 1628  0754  0229 
 1629  0755  0230 
 1630  0754  0229 
 1631  0753  0229 
 1632  0753  0229 
 1633  0759  0231 
 1634  0754  0229 
 1635  0754  0229 
 1636  0754  0229 
 1637  0758  0231 
 1638  0757  0230 
 1639  0756  0230 
 1640  0756  0230 
 1641  0755  0230 
 1642  0758  0231 
 1643  0752  0229 
 1644  0757  0230 
 1645  0755  0230 
 1646  0758  0231 
 1647  0756  0230 
 1648  0755  0230 
 1649  0756  0230 
 1650  0757  0230 
 1651  0756  0230 
 1652  0756  0230 
 1653  0755  0230 
 1654  0756  0230 
 1655  0758  0231 
 1656  0760  0231 
 1657  0755  0230 
 1658  0758  0231 
 1659  0754  0229 
 1660  0755  0230 
 1661  0757  0230 
 1662  0758  0231 
 1663  0756  0230 
 1664  0758  0231 
 1665  0757  0230 
 1666  0759  0231 
 1667  0754  0229 
 1668  0756  0230 
 1669  0755  0230 
 1670  0756  0230 
 1671  0760  0231 
 1672  0759  0231 
 1673  0752  0229 
 1674  0756  0230 
 1675  0759  0231 
 1676  0758  0231 
 1677  0755  0230 
 1678  0755  0230 
 1679  0756  0230 
 1680  0755  0230 
 1681  0758  0231 
 1682  0759  0231 
 1683  0757  0230 
 1684  0757  0230 
 1685  0756  0230 
 1686  0755  0230 
 1687  0754  0229 
 1688  0757  0230 
 1689  0753  0229 
 1690  0758  0231 
 1691  0756  0230 
 1692  0758  0231 
 1693  0761  0231 
 1694  0756  0230 
 1695  0760  0231 
 1696  0757  0230 
 1697  0759  0231 
 1698  0758  0231 
 1699  0759  0231 
 1700  0757  0230 
 1701  0758  0231 
 1702  0756  0230 
 1703  0754  0229 
 1704  0756  0230 
 1705  0759  0231 
 1706  0756  0230 
 1707  0753  0229 
 1708  0757  0230 
 1709  0757  0230 
 1710  0757  0230 
 1711  0754  0229 
 1712  0758  0231 
 1713  0760  0231 
 1714  0756  0230 
 1715  0757  0230 
 1716  0759  0231 
 1717  0758  0231 
 1718  0757  0230 
 1719  0756  0230 
 1720  0756  0230 
 1721  0755  0230 
 1722  0754  0229 
 1723  0752  0229 
 1724  0748  0227 
 1725  0753  0229 
 1726  0757  0230 
 1727  0751  0228 
 1728  0754  0229 
 1729  0753  0229 
 1730  0752  0229 
 1731  0750  0228 
 1732  0754  0229 
 1733  0754  0229 
 1734  0751  0228 
 1735  0751  0228 
 1736  0751  0228 
 1737  0754  0229 
 1738  0753  0229 
 1739  0751  0228 
 1740  0753  0229 
 1741  0753  0229 
 1742  0749  0228 
 1743  0753  0229 
 1744  0751  0228 
 1745  0753  0229 
 1746  0746  0227 
 1747  0748  0227 
 1748  0749  0228 
 1749  0747  0227 
 1750  0750  0228 
 1751  0748  0227 
 1752  0746  0227 
 1753  0746  0227 
 1754  0743  0226 
 1755  0746  0227 
 1756  0748  0227 
 1757  0745  0227 
 1758  0750  0228 
 1759  0746  0227 
 1760  0748  0227 
 1761  0748  0227 
 1762  0749  0228 
 1763  0747  0227 
 1764  0747  0227 
 1765  0746  0227 
 1766  0748  0227 
 1767  0747  0227 
 1768  0747  0227 
 1769  0745  0227 
 1770  0745  0227 
 1771  0747  0227 
 1772  0745  0227 
 1773  0747  0227 
 1774  0747  0227 
 1775  0746  0227 
 1776  0746  0227 
 1777  0744  0226 
 1778  0748  0227 
 1779  0747  0227 
 1780  0745  0227 
 1781  0746  0227 
 1782  0745  0227 
 1783  0744  0226 
 1784  0744  0226 
 1785  0741  0225 
 1786  0745  0227 
 1787  0741  0225 
 1788  0741  0225 
 1789  0741  0225 
 1790  0744  0226 
 1791  0742  0226 
 1792  0745  0227 
 1793  0746  0227 
 1794  0743  0226 
 1795  0743  0226 
 1796  0744  0226 
 1797  0741  0225 
 1798  0740  0225 
 1799  0739  0225 
 1800  0743  0226 
 1801  0742  0226 
 1802  0742  0226 
 1803  0745  0227 
 1804  0742  0226 
 1805  0741  0225 
 1806  0740  0225 
 1807  0741  0225 
 1808  0740  0225 
 1809  0741  0225 
 1810  0743  0226 
 1811  0742  0226 
 1812  0740  0225 
 1813  0742  0226 
 1814  0741  0225 
 1815  0744  0226 
 1816  0741  0225 
 1817  0740  0225 
 1818  0743  0226 
 1819  0738  0224 
 1820  0739  0225 
 1821  0740  0225 
 1822  0738  0224 
 1823  0742  0226 
 1824  0741  0225 
 1825  0740  0225 
 1826  0743  0226 
 1827  0740  0225 
 1828  0736  0224 
 1829  0741  0225 
 1830  0741  0225 
 1831  0741  0225 
 1832  0741  0225 
 1833  0744  0226 
 1834  0736  0224 
 1835  0740  0225 
 1836  0742  0226 
 1837  0739  0225 
 1838  0743  0226 
 1839  0743  0226 
 1840  0741  0225 
 1841  0741  0225 
 1842  0738  0224 
 1843  0741  0225 
 1844  0741  0225 
 1845  0739  0225 
 1846  0740  0225 
 1847  0743  0226 
 1848  0741  0225 
 1849  0740  0225 
 1850  0743  0226 
 1851  0741  0225 
 1852  0741  0225 
 1853  0743  0226 
 1854  0738  0224 
 1855  0742  0226 
 1856  0740  0225 
 1857  0742  0226 
 1858  0739  0225 
 1859  0738  0224 
 1860  0739  0225 
 1861  0741  0225 
 1862  0739  0225 
 1863  0738  0224 
 1864  0738  0224 
 1865  0735  0224 
 1866  0738  0224 
 1867  0736  0224 
 1868  0736  0224 
 1869  0738  0224 
 1870  0741  0225 
 1871  0739  0225 
 1872  0738  0224 
 1873  0739  0225 
 1874  0737  0224 
 1875  0737  0224 
 1876  0735  0224 
 1877  0738  0224 
 1878  0734  0223 
 1879  0736  0224 
 1880  0739  0225 
 1881  0737  0224 
 1882  0736  0224 
 1883  0737  0224 
 1884  0738  0224 
 1885  0738  0224 
 1886  0735  0224 
 1887  0737  0224 
 1888  0735  0224 
 1889  0738  0224 
 1890  0737  0224 
 1891  0739  0225 
 1892  0734  0223 
 1893  0737  0224 
 1894  0741  0225 
 1895  0743  0226 
 1896  0747  0227 
 1897  0743  0226 
 1898  0742  0226 
 1899  0740  0225 
 1900  0743  0226 
 1901  0743  0226 
 1902  0745  0227 
 1903  0748  0227 
 1904  0740  0225 
 1905  0740  0225 
 1906  0742  0226 
 1907  0743  0226 
 1908  0742  0226 
 1909  0742  0226 
 1910  0744  0226 
 1911  0741  0225 
 1912  0740  0225 
 1913  0743  0226 
 1914  0740  0225 
 1915  0738  0224 
 1916  0744  0226 
 1917  0740  0225 
 1918  0741  0225 
 1919  0740  0225 
 1920  0740  0225 
 1921  0744  0226 
 1922  0740  0225 
 1923  0744  0226 
 1924  0739  0225 
 1925  0739  0225 
 1926  0740  0225 
 1927  0741  0225 
 1928  0739  0225 
 1929  0740  0225 
 1930  0739  0225 
 1931  0739  0225 
 1932  0741  0225 
 1933  0738  0224 
 1934  0738  0224 
 1935  0737  0224 
 1936  0737  0224 
 1937  0741  0225 
 1938  0735  0224 
 1939  0737  0224 
 1940  0736  0224 
 1941  0737  0224 
 1942  0734  0223 
 1943  0740  0225 
 1944  0738  0224 
 1945  0734  0223 
 1946  0737  0224 
 1947  0736  0224 
 1948  0738  0224 
 1949  0739  0225 
 1950  0736  0224 
 1951  0737  0224 
 1952  0737  0224 
 1953  0739  0225 
 1954  0737  0224 
 1955  0739  0225 
 1956  0738  0224 
 1957  0737  0224 
 1958  0737  0224 
 1959  0740  0225 
 1960  0744  0226 
 1961  0738  0224 
 1962  0736  0224 
 1963  0737  0224 
 1964  0739  0225 
 1965  0740  0225 
 1966  0738  0224 
 1967  0741  0225 
 1968  0739  0225 
 1969  0737  0224 
 1970  0737  0224 
 1971  0739  0225 
 1972  0739  0225 
 1973  0736  0224 
 1974  0738  0224 
 1975  0736  0224 
 1976  0736  0224 
 1977  0738  0224 
 1978  0736  0224 
 1979  0735  0224 
 1980  0739  0225 
 1981  0738  0224 
 1982  0739  0225 
 1983  0738  0224 
 1984  0735  0224 
 1985  0736  0224 
 1986  0739  0225 
 1987  0736  0224 
 1988  0737  0224 
 1989  0739  0225 
 1990  0735  0224 
 1991  0736  0224 
 1992  0738  0224 
 1993  0735  0224 
 1994  0735  0224 
 1995  0736  0224 
 1996  0738  0224 
 1997  0732  0223 
 1998  0732  0223 
 1999  0738  0224 
 2000  0734  0223 
 2001  0734  0223 
 2002  0735  0224 
 2003  0733  0223 
 2004  0735  0224 
 2005  0734  0223 
 2006  0732  0223 
 2007  0734  0223 
 2008  0736  0224 
 2009  0733  0223 
 2010  0732  0223 
 2011  0737  0224 
 2012  0732  0223 
 2013  0734  0223 
 2014  0734  0223 
 2015  0731  0222 
 2016  0733  0223 
 2017  0731  0222 
 2018  0733  0223 
 2019  0734  0223 
 2020  0732  0223 
 2021  0735  0224 
 2022  0733  0223 
 2023  0733  0223 
 2024  0735  0224 
 2025  0732  0223 
 2026  0732  0223 
 2027  0733  0223 
 2028  0731  0222 
 2029  0736  0224 
 2030  0732  0223 
 2031  0732  0223 
 2032  0732  0223 
 2033  0730  0222 
 2034  0730  0222 
 2035  0733  0223 
 2036  0732  0223 
 2037  0730  0222 
 2038  0731  0222 
 2039  0731  0222 
 2040  0732  0223 
 2041  0732  0223 
 2042  0732  0223 
 2043  0729  0222 
 2044  0732  0223 
 2045  0731  0222 
 2046  0731  0222 
 2047  0729  0222 
 2048  0727  0221 
 2049  0726  0221 
 2050  0728  0221 
 2051  0726  0221 
 2052  0729  0222 
 2053  0730  0222 
 2054  0730  0222 
 2055  0728  0221 
 2056  0728  0221 
 2057  0727  0221 
 2058  0730  0222 
 2059  0729  0222 
 2060  0725  0220 
 2061  0726  0221 
 2062  0731  0222 
 2063  0728  0221 
 2064  0730  0222 
 2065  0731  0222 
 2066  0729  0222 
 2067  0731  0222 
 2068  0728  0221 
 2069  0727  0221 
 2070  0729  0222 
 2071  0726  0221 
 2072  0725  0220 
 2073  0725  0220 
 2074  0729  0222 
 2075  0731  0222 
 2076  0729  0222 
 2077  0723  0220 
 2078  0725  0220 
 2079  0725  0220 
 2080  0729  0222 
 2081  0727  0221 
 2082  0728  0221 
 2083  0725  0220 
 2084  0732  0223 
 2085  0727  0221 
 2086  0728  0221 
 2087  0729  0222 
 2088  0727  0221 
 2089  0730  0222 
 2090  0729  0222 
 2091  0730  0222 
 2092  0727  0221 
 2093  0728  0221 
 2094  0729  0222 
 2095  0726  0221 
 2096  0730  0222 
 2097  0727  0221 
 2098  0730  0222 
 2099  0730  0222 
 2100  0732  0223 
 2101  0728  0221 
 2102  0732  0223 
 2103  0729  0222 
 2104  0729  0222 
 2105  0728  0221 
 2106  0729  0222 
 2107  0728  0221 
 2108  0729  0222 
 2109  0728  0221 
 2110  0734  0223 
 2111  0729  0222 
 2112  0732  0223 
 2113  0731  0222 
 2114  0733  0223 
 2115  0735  0224 
 2116  0730  0222 
 2117  0726  0221 
 2118  0731  0222 
 2119  0731  0222 
 2120  0730  0222 
 2121  0729  0222 
 2122  0732  0223 
 2123  0731  0222 
 2124  0728  0221 
 2125  0730  0222 
 2126  0733  0223 
 2127  0728  0221 
 2128  0733  0223 
 2129  0731  0222 
 2130  0730  0222 
 2131  0730  0222 
 2132  0730  0222 
 2133  0730  0222 
 2134  0729  0222 
 2135  0728  0221 
 2136  0730  0222 
 2137  0731  0222 
 2138  0729  0222 
 2139  0731  0222 
 2140  0733  0223 
 2141  0731  0222 
 2142  0734  0223 
 2143  0727  0221 
 2144  0728  0221 
 2145  0730  0222 
 2146  0730  0222 
 2147  0730  0222 
 2148  0732  0223 
 2149  0730  0222 
 2150  0728  0221 
 2151  0730  0222 
 2152  0730  0222 
 2153  0732  0223 
 2154  0731  0222 
 2155  0732  0223 
 2156  0731  0222 
 2157  0734  0223 
 2158  0731  0222 
 2159  0733  0223 
 2160  0731  0222 
 2161  0731  0222 
 2162  0731  0222 
 2163  0726  0221 
 2164  0725  0220 
 2165  0727  0221 
 2166  0730  0222 
 2167  0728  0221 
 2168  0730  0222 
 2169  0729  0222 
 2170  0729  0222 
 2171  0729  0222 
 2172  0728  0221 
 2173  0731  0222 
 2174  0729  0222 
 2175  0726  0221 
 2176  0728  0221 
 2177  0730  0222 
 2178  0728  0221 
 2179  0729  0222 
 2180  0729  0222 
 2181  0730  0222 
 2182  0731  0222 
 2183  0728  0221 
 2184  0728  0221 
 2185  0730  0222 
 2186  0728  0221 
 2187  0728  0221 
 2188  0729  0222 
 2189  0730  0222 
 2190  0726  0221 
 2191  0730  0222 
 2192  0727  0221 
 2193  0728  0221 
 2194  0730  0222 
 2195  0728  0221 
 2196  0729  0222 
 2197  0732  0223 
 2198  0729  0222 
 2199  0732  0223 
 2200  0731  0222 
 2201  0727  0221 
 2202  0731  0222 
 2203  0729  0222 
 2204  0729  0222 
 2205  0729  0222 
 2206  0728  0221 
 2207  0730  0222 
 2208  0732  0223 
 2209  0729  0222 
 2210  0727  0221 
 2211  0726  0221 
 2212  0726  0221 
 2213  0729  0222 
 2214  0727  0221 
 2215  0732  0223 
 2216  0730  0222 
 2217  0728  0221 
 2218  0730  0222 
 2219  0728  0221 
 2220  0729  0222 
 2221  0728  0221 
 2222  0731  0222 
 2223  0729  0222 
 2224  0727  0221 
 2225  0731  0222 
 2226  0730  0222 
 2227  0732  0223 
 2228  0726  0221 
 2229  0734  0223 
 2230  0731  0222 
 2231  0735  0224 
 2232  0730  0222 
 2233  0730  0222 
 2234  0729  0222 
 2235  0727  0221 
 2236  0729  0222 
 2237  0730  0222 
 2238  0727  0221 
 2239  0728  0221 
 2240  0731  0222 
 2241  0728  0221 
 2242  0727  0221 
 2243  0727  0221 
 2244  0732  0223 
 2245  0732  0223 
 2246  0731  0222 
 2247  0731  0222 
 2248  0731  0222 
 2249  0732  0223 
 2250  0732  0223 
 2251  0734  0223 
 2252  0730  0222 
 2253  0734  0223 
 2254  0731  0222 
 2255  0728  0221 
 2256  0727  0221 
 2257  0730  0222 
 2258  0728  0221 
 2259  0729  0222 
 2260  0728  0221 
 2261  0728  0221 
 2262  0729  0222 
 2263  0730  0222 
 2264  0732  0223 
 2265  0729  0222 
 2266  0732  0223 
 2267  0730  0222 
 2268  0731  0222 
 2269  0729  0222 
 2270  0729  0222 
 2271  0731  0222 
 2272  0730  0222 
 2273  0732  0223 
 2274  0730  0222 
 2275  0730  0222 
 2276  0732  0223 
 2277  0728  0221 
 2278  0731  0222 
 2279  0727  0221 
 2280  0729  0222 
 2281  0729  0222 
 2282  0727  0221 
 2283  0728  0221 
 2284  0729  0222 
 2285  0731  0222 
 2286  0730  0222 
 2287  0728  0221 
 2288  0729  0222 
 2289  0730  0222 
 2290  0730  0222 
 2291  0732  0223 
 2292  0730  0222 
 2293  0731  0222 
 2294  0726  0221 
 2295  0730  0222 
 2296  0729  0222 
 2297  0728  0221 
 2298  0731  0222 
 2299  0732  0223 
 2300  0729  0222 
 2301  0729  0222 
 2302  0731  0222 
 2303  0732  0223 
 2304  0728  0221 
 2305  0728  0221 
 2306  0733  0223 
 2307  0732  0223 
 2308  0728  0221 
 2309  0729  0222 
 2310  0731  0222 
 2311  0729  0222 
 2312  0730  0222 
 2313  0728  0221 
 2314  0731  0222 
 2315  0732  0223 
 2316  0733  0223 
 2317  0732  0223 
 2318  0733  0223 
 2319  0730  0222 
 2320  0733  0223 
 2321  0735  0224 
 2322  0731  0222 
 2323  0731  0222 
 2324  0732  0223 
 2325  0734  0223 
 2326  0733  0223 
 2327  0732  0223 
 2328  0731  0222 
 2329  0732  0223 
 2330  0730  0222 
 2331  0734  0223 
 2332  0733  0223 
 2333  0731  0222 
 2334  0734  0223 
 2335  0736  0224 
 2336  0735  0224 
 2337  0732  0223 
 2338  0734  0223 
 2339  0731  0222 
 2340  0733  0223 
 2341  0730  0222 
 2342  0735  0224 
 2343  0734  0223 
 2344  0730  0222 
 2345  0732  0223 
 2346  0733  0223 
 2347  0737  0224 
 2348  0737  0224 
 2349  0738  0224 
 2350  0737  0224 
 2351  0735  0224 
 2352  0738  0224 
 2353  0735  0224 
 2354  0735  0224 
 2355  0732  0223 
 2356  0736  0224 
 2357  0735  0224 
 2358  0736  0224 
 2359  0738  0224 
 2360  0739  0225 
 2361  0733  0223 
 2362  0739  0225 
 2363  0737  0224 
 2364  0736  0224 
 2365  0742  0226 
 2366  0738  0224 
 2367  0739  0225 
 2368  0740  0225 
 2369  0737  0224 
 2370  0739  0225 
 2371  0739  0225 
 2372  0739  0225 
 2373  0743  0226 
 2374  0740  0225 
 2375  0741  0225 
 2376  0741  0225 
 2377  0739  0225 
 2378  0742  0226 
 2379  0743  0226 
 2380  0745  0227 
 2381  0741  0225 
 2382  0745  0227 
 2383  0743  0226 
 2384  0745  0227 
 2385  0745  0227 
 2386  0742  0226 
 2387  0742  0226 
 2388  0742  0226 
 2389  0744  0226 
 2390  0743  0226 
 2391  0742  0226 
 2392  0744  0226 
 2393  0745  0227 
 2394  0743  0226 
 2395  0743  0226 
 2396  0748  0227 
 2397  0745  0227 
 2398  0744  0226 
 2399  0747  0227 
 2400  0740  0225 
 2401  0743  0226 
 2402  0745  0227 
 2403  0746  0227 
 2404  0748  0227 
 2405  0747  0227 
 2406  0747  0227 
 2407  0746  0227 
 2408  0749  0228 
 2409  0746  0227 
 2410  0744  0226 
 2411  0750  0228 
 2412  0749  0228 
 2413  0751  0228 
 2414  0748  0227 
 2415  0749  0228 
 2416  0751  0228 
 2417  0747  0227 
 2418  0748  0227 
 2419  0748  0227 
 2420  0749  0228 
 2421  0747  0227 
 2422  0749  0228 
 2423  0750  0228 
 2424  0750  0228 
 2425  0752  0229 
 2426  0751  0228 
 2427  0748  0227 
 2428  0751  0228 
 2429  0748  0227 
 2430  0753  0229 
 2431  0752  0229 
 2432  0750  0228 
 2433  0748  0227 
 2434  0751  0228 
 2435  0751  0228 
 2436  0752  0229 
 2437  0751  0228 
 2438  0751  0228 
 2439  0753  0229 
 2440  0751  0228 
 2441  0754  0229 
 2442  0752  0229 
 2443  0756  0230 
 2444  0754  0229 
 2445  0753  0229 
 2446  0753  0229 
 2447  0755  0230 
 2448  0753  0229 
 2449  0755  0230 
 2450  0753  0229 
 2451  0753  0229 
 2452  0754  0229 
 2453  0754  0229 
 2454  0755  0230 
 2455  0753  0229 
 2456  0754  0229 
 2457  0752  0229 
 2458  0757  0230 
 2459  0760  0231 
 2460  0755  0230 
 2461  0756  0230 
 2462  0760  0231 
 2463  0757  0230 
 2464  0757  0230 
 2465  0755  0230 
 2466  0755  0230 
 2467  0760  0231 
 2468  0760  0231 
 2469  0756  0230 
 2470  0758  0231 
 2471  0759  0231 
 2472  0761  0231 
 2473  0764  0232 
 2474  0762  0232 
 2475  0760  0231 
 2476  0761  0231 
 2477  0757  0230 
 2478  0759  0231 
 2479  0761  0231 
 2480  0758  0231 
 2481  0760  0231 
 2482  0757  0230 
 2483  0763  0232 
 2484  0762  0232 
 2485  0761  0231 
 2486  0763  0232 
 2487  0760  0231 
 2488  0763  0232 
 2489  0764  0232 
 2490  0760  0231 
 2491  0762  0232 
 2492  0764  0232 
 2493  0762  0232 
 2494  0766  0233 
 2495  0763  0232 
 2496  0764  0232 
 2497  0765  0233 
 2498  0762  0232 
 2499  0763  0232 
 2500  0767  0233 
 2501  0766  0233 
 2502  0765  0233 
 2503  0765  0233 
 2504  0764  0232 
 2505  0764  0232 
 2506  0763  0232 
 2507  0764  0232 
 2508  0764  0232 
 2509  0766  0233 
 2510  0768  0234 
 2511  0767  0233 
 2512  0765  0233 
 2513  0767  0233 
 2514  0765  0233 
 2515  0764  0232 
 2516  0766  0233 
 2517  0768  0234 
 2518  0767  0233 
 2519  0767  0233 
 2520  0766  0233 
 2521  0765  0233 
 2522  0768  0234 
 2523  0766  0233 
 2524  0770  0234 
 2525  0769  0234 
 2526  0771  0235 
 2527  0766  0233 
 2528  0768  0234 
 2529  0768  0234 
 2530  0769  0234 
 2531  0770  0234 
 2532  0767  0233 
 2533  0768  0234 
 2534  0770  0234 
 2535  0767  0233 
 2536  0772  0235 
 2537  0773  0235 
 2538  0770  0234 
 2539  0769  0234 
 2540  0768  0234 
 2541  0771  0235 
 2542  0773  0235 
 2543  0768  0234 
 2544  0772  0235 
 2545  0772  0235 
 2546  0766  0233 
 2547  0770  0234 
 2548  0769  0234 
 2549  0768  0234 
 2550  0768  0234 
 2551  0771  0235 
 2552  0772  0235 
 2553  0774  0235 
 2554  0773  0235 
 2555  0771  0235 
 2556  0774  0235 
 2557  0770  0234 
 2558  0775  0236 
 2559  0773  0235 
 2560  0773  0235 
 2561  0772  0235 
 2562  0773  0235 
 2563  0775  0236 
 2564  0774  0235 
 2565  0774  0235 
 2566  0778  0237 
 2567  0773  0235 
 2568  0777  0236 
 2569  0779  0237 
 2570  0778  0237 
 2571  0774  0235 
 2572  0775  0236 
 2573  0777  0236 
 2574  0777  0236 
 2575  0776  0236 
 2576  0780  0237 
 2577  0779  0237 
 2578  0778  0237 
 2579  0778  0237 
 2580  0780  0237 
 2581  0778  0237 
 2582  0782  0238 
 2583  0776  0236 
 2584  0779  0237 
 2585  0780  0237 
 2586  0781  0238 
 2587  0775  0236 
 2588  0777  0236 
 2589  0780  0237 
 2590  0781  0238 
 2591  0783  0238 
 2592  0785  0239 
 2593  0783  0238 
 2594  0782  0238 
 2595  0781  0238 
 2596  0785  0239 
 2597  0782  0238 
 2598  0780  0237 
 2599  0781  0238 
 2600  0782  0238 
 2601  0782  0238 
 2602  0786  0239 
 2603  0780  0237 
 2604  0782  0238 
 2605  0783  0238 
 2606  0783  0238 
 2607  0781  0238 
 2608  0787  0239 
 2609  0784  0238 
 2610  0783  0238 
 2611  0784  0238 
 2612  0784  0238 
 2613  0784  0238 
 2614  0784  0238 
 2615  0786  0239 
 2616  0785  0239 
 2617  0788  0240 
 2618  0788  0240 
 2619  0783  0238 
 2620  0785  0239 
 2621  0784  0238 
 2622  0790  0240 
 2623  0788  0240 
 2624  0785  0239 
 2625  0785  0239 
 2626  0788  0240 
 2627  0785  0239 
 2628  0785  0239 
 2629  0783  0238 
 2630  0785  0239 
 2631  0786  0239 
 2632  0784  0238 
 2633  0786  0239 
 2634  0785  0239 
 2635  0787  0239 
 2636  0787  0239 
 2637  0788  0240 
 2638  0786  0239 
 2639  0783  0238 
 2640  0784  0238 
 2641  0786  0239 
 2642  0785  0239 
 2643  0789  0240 
 2644  0785  0239 
 2645  0785  0239 
 2646  0786  0239 
 2647  0786  0239 
 2648  0786  0239 
 2649  0790  0240 
 2650  0789  0240 
 2651  0786  0239 
 2652  0788  0240 
 2653  0788  0240 
 2654  0789  0240 
 2655  0785  0239 
 2656  0788  0240 
 2657  0787  0239 
 2658  0786  0239 
 2659  0788  0240 
 2660  0784  0238 
 2661  0786  0239 
 2662  0785  0239 
 2663  0786  0239 
 2664  0789  0240 
 2665  0786  0239 
 2666  0787  0239 
 2667  0788  0240 
 2668  0786  0239 
 2669  0785  0239 
 2670  0785  0239 
 2671  0788  0240 
 2672  0785  0239 
 2673  0788  0240 
 2674  0786  0239 
 2675  0786  0239 
 2676  0785  0239 
 2677  0789  0240 
 2678  0790  0240 
 2679  0790  0240 
 2680  0791  0241 
 2681  0789  0240 
 2682  0788  0240 
 2683  0794  0242 
 2684  0790  0240 
 2685  0789  0240 
 2686  0787  0239 
 2687  0792  0241 
 2688  0786  0239 
 2689  0787  0239 
 2690  0789  0240 
 2691  0791  0241 
 2692  0789  0240 
 2693  0791  0241 
 2694  0788  0240 
 2695  0788  0240 
 2696  0790  0240 
 2697  0789  0240 
 2698  0788  0240 
 2699  0788  0240 
 2700  0789  0240 
 2701  0790  0240 
 2702  0789  0240 
 2703  0787  0239 
 2704  0788  0240 
 2705  0788  0240 
 2706  0787  0239 
 2707  0787  0239 
 2708  0787  0239 
 2709  0789  0240 
 2710  0789  0240 
 2711  0792  0241 
 2712  0791  0241 
 2713  0788  0240 
 2714  0789  0240 
 2715  0789  0240 
 2716  0790  0240 
 2717  0789  0240 
 2718  0788  0240 
 2719  0788  0240 
 2720  0790  0240 
 2721  0788  0240 
 2722  0788  0240 
 2723  0789  0240 
 2724  0788  0240 
 2725  0787  0239 
 2726  0789  0240 
 2727  0788  0240 
 2728  0789  0240 
 2729  0791  0241 
 2730  0788  0240 
 2731  0785  0239 
 2732  0787  0239 
 2733  0786  0239 
 2734  0787  0239 
 2735  0788  0240 
 2736  0789  0240 
 2737  0791  0241 
 2738  0786  0239 
 2739  0788  0240 
 2740  0787  0239 
 2741  0785  0239 
 2742  0785  0239 
 2743  0786  0239 
 2744  0785  0239 
 2745  0790  0240 
 2746  0787  0239 
 2747  0786  0239 
 2748  0788  0240 
 2749  0789  0240 
 2750  0787  0239 
 2751  0786  0239 
 2752  0786  0239 
 2753  0787  0239 
 2754  0789  0240 
 2755  0790  0240 
 2756  0789  0240 
 2757  0789  0240 
 2758  0789  0240 
 2759  0789  0240 
 2760  0789  0240 
 2761  0786  0239 
 2762  0788  0240 
 2763  0788  0240 
 2764  0789  0240 
 2765  0788  0240 
 2766  0787  0239 
 2767  0786  0239 
 2768  0785  0239 
 2769  0787  0239 
 2770  0786  0239 
 2771  0791  0241 
 2772  0787  0239 
 2773  0785  0239 
 2774  0787  0239 
 2775  0784  0238 
 2776  0784  0238 
 2777  0785  0239 
 2778  0786  0239 
 2779  0786  0239 
 2780  0787  0239 
 2781  0784  0238 
 2782  0782  0238 
 2783  0785  0239 
 2784  0786  0239 
 2785  0787  0239 
 2786  0786  0239 
 2787  0781  0238 
 2788  0787  0239 
 2789  0784  0238 
 2790  0788  0240 
 2791  0785  0239 
 2792  0784  0238 
 2793  0782  0238 
 2794  0782  0238 
 2795  0783  0238 
 2796  0783  0238 
 2797  0782  0238 
 2798  0788  0240 
 2799  0786  0239 
 2800  0783  0238 
 2801  0783  0238 
 2802  0784  0238 
 2803  0784  0238 
 2804  0781  0238 
 2805  0784  0238 
 2806  0783  0238 
 2807  0786  0239 
 2808  0785  0239 
 2809  0786  0239 
 2810  0783  0238 
 2811  0783  0238 
 2812  0784  0238 
 2813  0783  0238 
 2814  0783  0238 
 2815  0782  0238 
 2816  0783  0238 
 2817  0785  0239 
 2818  0783  0238 
 2819  0783  0238 
 2820  0787  0239 
 2821  0786  0239 
 2822  0785  0239 
 2823  0786  0239 
 2824  0787  0239 
 2825  0784  0238 
 2826  0787  0239 
 2827  0789  0240 
 2828  0786  0239 
 2829  0787  0239 
 2830  0783  0238 
 2831  0789  0240 
 2832  0788  0240 
 2833  0788  0240 
 2834  0786  0239 
 2835  0787  0239 
 2836  0786  0239 
 2837  0788  0240 
 2838  0788  0240 
 2839  0786  0239 
 2840  0787  0239 
 2841  0787  0239 
 2842  0786  0239 
 2843  0789  0240 
 2844  0789  0240 
 2845  0786  0239 
 2846  0790  0240 
 2847  0789  0240 
 2848  0786  0239 
 2849  0788  0240 
 2850  0787  0239 
 2851  0787  0239 
 2852  0785  0239 
 2853  0787  0239 
 2854  0784  0238 
 2855  0787  0239 
 2856  0789  0240 
 2857  0788  0240 
 2858  0789  0240 
 2859  0786  0239 
 2860  0786  0239 
 2861  0783  0238 
 2862  0786  0239 
 2863  0788  0240 
 2864  0788  0240 
 2865  0791  0241 
 2866  0786  0239 
 2867  0785  0239 
 2868  0789  0240 
 2869  0787  0239 
 2870  0789  0240 
 2871  0791  0241 
 2872  0789  0240 
 2873  0787  0239 
 2874  0787  0239 
 2875  0788  0240 
 2876  0788  0240 
 2877  0784  0238 
 2878  0785  0239 
 2879  0789  0240 
 2880  0787  0239 
 2881  0789  0240 
 2882  0790  0240 
 2883  0788  0240 
 2884  0785  0239 
 2885  0788  0240 
 2886  0788  0240 
 2887  0788  0240 
 2888  0787  0239 
 2889  0786  0239 
 2890  0786  0239 
 2891  0789  0240 
 2892  0787  0239 
 2893  0787  0239 
 2894  0783  0238 
 2895  0784  0238 
 2896  0787  0239 
 2897  0784  0238 
 2898  0785  0239 
 2899  0782  0238 
 2900  0789  0240 
 2901  0784  0238 
 2902  0785  0239 
 2903  0784  0238 
 2904  0787  0239 
 2905  0785  0239 
 2906  0783  0238 
 2907  0782  0238 
 2908  0781  0238 
 2909  0783  0238 
 2910  0785  0239 
 2911  0786  0239 
 2912  0783  0238 
 2913  0784  0238 
 2914  0783  0238 
 2915  0781  0238 
 2916  0781  0238 
 2917  0782  0238 
 2918  0783  0238 
 2919  0781  0238 
 2920  0782  0238 
 2921  0779  0237 
 2922  0780  0237 
 2923  0780  0237 
 2924  0777  0236 
 2925  0779  0237 
 2926  0778  0237 
 2927  0781  0238 
 2928  0783  0238 
 2929  0779  0237 
 2930  0781  0238 
 2931  0779  0237 
 2932  0781  0238 
 2933  0779  0237 
 2934  0777  0236 
 2935  0781  0238 
 2936  0778  0237 
 2937  0779  0237 
 2938  0777  0236 
 2939  0776  0236 
 2940  0774  0235 
 2941  0775  0236 
 2942  0776  0236 
 2943  0772  0235 
 2944  0775  0236 
 2945  0773  0235 
 2946  0777  0236 
 2947  0773  0235 
 2948  0775  0236 
 2949  0776  0236 
 2950  0776  0236 
 2951  0772  0235 
 2952  0774  0235 
 2953  0777  0236 
 2954  0777  0236 
 2955  0778  0237 
 2956  0778  0237 
 2957  0776  0236 
 2958  0774  0235 
 2959  0774  0235 
 2960  0772  0235 
 2961  0778  0237 
 2962  0775  0236 
 2963  0776  0236 
 2964  0772  0235 
 2965  0774  0235 
 2966  0776  0236 
 2967  0774  0235 
 2968  0775  0236 
 2969  0775  0236 
 2970  0772  0235 
 2971  0778  0237 
 2972  0775  0236 
 2973  0774  0235 
 2974  0773  0235 
 2975  0775  0236 
 2976  0776  0236 
 2977  0775  0236 
 2978  0772  0235 
 2979  0777  0236 
 2980  0773  0235 
 2981  0774  0235 
 2982  0769  0234 
 2983  0770  0234 
 2984  0771  0235 
 2985  0773  0235 
 2986  0772  0235 
 2987  0771  0235 
 2988  0772  0235 
 2989  0772  0235 
 2990  0769  0234 
 2991  0769  0234 
 2992  0769  0234 
 2993  0770  0234 
 2994  0772  0235 
 2995  0770  0234 
 2996  0769  0234 
 2997  0768  0234 
 2998  0769  0234 
 2999  0763  0232 
 3000  0768  0234 
 3001  0769  0234 
 3002  0767  0233 
 3003  0769  0234 
 3004  0766  0233 
 3005  0771  0235 
 3006  0767  0233 
 3007  0767  0233 
 3008  0764  0232 
 3009  0771  0235 
 3010  0768  0234 
 3011  0766  0233 
 3012  0765  0233 
 3013  0763  0232 
 3014  0762  0232 
 3015  0764  0232 
 3016  0763  0232 
 3017  0761  0231 
 3018  0760  0231 
 3019  0758  0231 
 3020  0758  0231 
 3021  0762  0232 
 3022  0761  0231 
 3023  0758  0231 
 3024  0761  0231 
 3025  0759  0231 
 3026  0757  0230 
 3027  0756  0230 
 3028  0757  0230 
 3029  0757  0230 
 3030  0758  0231 
 3031  0763  0232 
 3032  0762  0232 
 3033  0764  0232 
 3034  0760  0231 
 3035  0759  0231 
 3036  0757  0230 
 3037  0756  0230 
 3038  0760  0231 
 3039  0759  0231 
 3040  0756  0230 
 3041  0758  0231 
 3042  0756  0230 
 3043  0755  0230 
 3044  0757  0230 
 3045  0757  0230 
 3046  0760  0231 
 3047  0760  0231 
 3048  0756  0230 
 3049  0758  0231 
 3050  0758  0231 
 3051  0759  0231 
 3052  0755  0230 
 3053  0758  0231 
 3054  0759  0231 
 3055  0757  0230 
 3056  0755  0230 
 3057  0754  0229 
 3058  0754  0229 
 3059  0755  0230 
 3060  0757  0230 
 3061  0755  0230 
 3062  0754  0229 
 3063  0753  0229 
 3064  0755  0230 
 3065  0755  0230 
 3066  0754  0229 
 3067  0754  0229 
 3068  0755  0230 
 3069  0757  0230 
 3070  0756  0230 
 3071  0756  0230 
 3072  0754  0229 
 3073  0752  0229 
 3074  0751  0228 
 3075  0752  0229 
 3076  0754  0229 
 3077  0753  0229 
 3078  0754  0229 
 3079  0752  0229 
 3080  0753  0229 
 3081  0750  0228 
 3082  0748  0227 
 3083  0754  0229 
 3084  0752  0229 
 3085  0754  0229 
 3086  0750  0228 
 3087  0750  0228 
 3088  0750  0228 
 3089  0750  0228 
 3090  0749  0228 
 3091  0749  0228 
 3092  0751  0228 
 3093  0750  0228 
 3094  0750  0228 
 3095  0748  0227 
 3096  0750  0228 
 3097  0752  0229 
 3098  0750  0228 
 3099  0748  0227 
 3100  0748  0227 
 3101  0747  0227 
 3102  0749  0228 
 3103  0748  0227 
 3104  0745  0227 
 3105  0748  0227 
 3106  0749  0228 
 3107  0743  0226 
 3108  0745  0227 
 3109  0745  0227 
 3110  0745  0227 
 3111  0747  0227 
 3112  0746  0227 
 3113  0743  0226 
 3114  0747  0227 
 3115  0746  0227 
 3116  0747  0227 
 3117  0746  0227 
 3118  0745  0227 
 3119  0744  0226 
 3120  0747  0227 
 3121  0744  0226 
 3122  0744  0226 
 3123  0743  0226 
 3124  0747  0227 
 3125  0745  0227 
 3126  0743  0226 
 3127  0743  0226 
 3128  0745  0227 
 3129  0742  0226 
 3130  0741  0225 
 3131  0743  0226 
 3132  0745  0227 
 3133  0745  0227 
 3134  0740  0225 
 3135  0738  0224 
 3136  0738  0224 
 3137  0741  0225 
 3138  0744  0226 
 3139  0742  0226 
 3140  0742  0226 
 3141  0739  0225 
 3142  0741  0225 
 3143  0739  0225 
 3144  0740  0225 
 3145  0742  0226 
 3146  0741  0225 
 3147  0738  0224 
 3148  0738  0224 
 3149  0741  0225 
 3150  0742  0226 
 3151  0738  0224 
 3152  0738  0224 
 3153  0737  0224 
 3154  0734  0223 
 3155  0742  0226 
 3156  0734  0223 
 3157  0738  0224 
 3158  0739  0225 
 3159  0737  0224 
 3160  0736  0224 
 3161  0739  0225 
 3162  0738  0224 
 3163  0738  0224 
 3164  0738  0224 
 3165  0735  0224 
 3166  0737  0224 
 3167  0739  0225 
 3168  0733  0223 
 3169  0736  0224 
 3170  0734  0223 
 3171  0734  0223 
 3172  0732  0223 
 3173  0735  0224 
 3174  0734  0223 
 3175  0735  0224 
 3176  0738  0224 
 3177  0733  0223 
 3178  0734  0223 
 3179  0736  0224 
 3180  0732  0223 
 3181  0734  0223 
 3182  0731  0222 
 3183  0733  0223 
 3184  0731  0222 
 3185  0734  0223 
 3186  0736  0224 
 3187  0733  0223 
 3188  0734  0223 
 3189  0735  0224 
 3190  0730  0222 
 3191  0733  0223 
 3192  0731  0222 
 3193  0728  0221 
 3194  0731  0222 
 3195  0729  0222 
 3196  0730  0222 
 3197  0732  0223 
 3198  0735  0224 
 3199  0735  0224 
 3200  0733  0223 
 3201  0730  0222 
 3202  0734  0223 
 3203  0732  0223 
 3204  0729  0222 
 3205  0731  0222 
 3206  0733  0223 
 3207  0729  0222 
 3208  0729  0222 
 3209  0733  0223 
 3210  0727  0221 
 3211  0729  0222 
 3212  0728  0221 
 3213  0726  0221 
 3214  0726  0221 
 3215  0727  0221 
 3216  0725  0220 
 3217  0724  0220 
 3218  0729  0222 
 3219  0730  0222 
 3220  0730  0222 
 3221  0729  0222 
 3222  0730  0222 
 3223  0726  0221 
 3224  0726  0221 
 3225  0726  0221 
 3226  0728  0221 
 3227  0728  0221 
 3228  0727  0221 
 3229  0726  0221 
 3230  0726  0221 
 3231  0727  0221 
 3232  0728  0221 
 3233  0729  0222 
 3234  0726  0221 
 3235  0727  0221 
 3236  0727  0221 
 3237  0727  0221 
 3238  0726  0221 
 3239  0727  0221 
 3240  0728  0221 
 3241  0727  0221 
 3242  0727  0221 
 3243  0728  0221 
 3244  0730  0222 
 3245  0726  0221 
 3246  0731  0222 
 3247  0726  0221 
 3248  0728  0221 
 3249  0724  0220 
 3250  0728  0221 
 3251  0728  0221 
 3252  0728  0221 
 3253  0729  0222 
 3254  0729  0222 
 3255  0728  0221 
 3256  0728  0221 
 3257  0730  0222 
 3258  0727  0221 
 3259  0728  0221 
 3260  0729  0222 
 3261  0728  0221 
 3262  0724  0220 
 3263  0727  0221 
 3264  0728  0221 
 3265  0728  0221 
 3266  0724  0220 
 3267  0729  0222 
 3268  0725  0220 
 3269  0726  0221 
 3270  0730  0222 
 3271  0726  0221 
 3272  0726  0221 
 3273  0726  0221 
 3274  0727  0221 
 3275  0724  0220 
 3276  0725  0220 
 3277  0723  0220 
 3278  0725  0220 
 3279  0725  0220 
 3280  0726  0221 
 3281  0726  0221 
 3282  0728  0221 
 3283  0724  0220 
 3284  0726  0221 
 3285  0727  0221 
 3286  0722  0220 
 3287  0725  0220 
 3288  0725  0220 
 3289  0728  0221 
 3290  0721  0219 
 3291  0721  0219 
 3292  0723  0220 
 3293  0722  0220 
 3294  0724  0220 
 3295  0721  0219 
 3296  0723  0220 
 3297  0723  0220 
 3298  0722  0220 
 3299  0721  0219 
 3300  0725  0220 
 3301  0722  0220 
 3302  0721  0219 
 3303  0726  0221 
 3304  0726  0221 
 3305  0724  0220 
 3306  0724  0220 
 3307  0725  0220 
 3308  0725  0220 
 3309  0725  0220 
 3310  0723  0220 
 3311  0727  0221 
 3312  0725  0220 
 3313  0727  0221 
 3314  0728  0221 
 3315  0727  0221 
 3316  0728  0221 
 3317  0728  0221 
 3318  0725  0220 
 3319  0726  0221 
 3320  0726  0221 
 3321  0725  0220 
 3322  0727  0221 
 3323  0724  0220 
 3324  0727  0221 
 3325  0726  0221 
 3326  0728  0221 
 3327  0727  0221 
 3328  0729  0222 
 3329  0726  0221 
 3330  0725  0220 
 3331  0728  0221 
 3332  0724  0220 
 3333  0725  0220 
 3334  0725  0220 
 3335  0726  0221 
 3336  0727  0221 
 3337  0725  0220 
 3338  0725  0220 
 3339  0726  0221 
 3340  0727  0221 
 3341  0725  0220 
 3342  0729  0222 
 3343  0730  0222 
 3344  0731  0222 
 3345  0731  0222 
 3346  0731  0222 
 3347  0726  0221 
 3348  0724  0220 
 3349  0728  0221 
 3350  0726  0221 
 3351  0725  0220 
 3352  0723  0220 
 3353  0725  0220 
 3354  0725  0220 
 3355  0724  0220 
 3356  0726  0221 
 3357  0728  0221 
 3358  0729  0222 
 3359  0728  0221 
 3360  0726  0221 
 3361  0725  0220 
 3362  0727  0221 
 3363  0725  0220 
 3364  0727  0221 
 3365  0724  0220 
 3366  0726  0221 
 3367  0726  0221 
 3368  0724  0220 
 3369  0725  0220 
 3370  0727  0221 
 3371  0724  0220 
 3372  0727  0221 
 3373  0722  0220 
 3374  0727  0221 
 3375  0726  0221 
 3376  0726  0221 
 3377  0726  0221 
 3378  0725  0220 
 3379  0723  0220 
 3380  0725  0220 
 3381  0726  0221 
 3382  0726  0221 
 3383  0727  0221 
 3384  0726  0221 
 3385  0730  0222 
 3386  0726  0221 
 3387  0724  0220 
 3388  0726  0221 
 3389  0728  0221 
 3390  0725  0220 
 3391  0727  0221 
 3392  0727  0221 
 3393  0729  0222 
 3394  0725  0220 
 3395  0727  0221 
 3396  0729  0222 
 3397  0727  0221 
 3398  0728  0221 
 3399  0728  0221 
 3400  0732  0223 
 3401  0729  0222 
 3402  0731  0222 
 3403  0727  0221 
 3404  0726  0221 
 3405  0726  0221 
 3406  0724  0220 
 3407  0729  0222 
 3408  0728  0221 
 3409  0728  0221 
 3410  0724  0220 
 3411  0729  0222 
 3412  0727  0221 
 3413  0726  0221 
 3414  0725  0220 
 3415  0723  0220 
 3416  0728  0221 
 3417  0725  0220 
 3418  0728  0221 
 3419  0727  0221 
 3420  0728  0221 
 3421  0727  0221 
 3422  0728  0221 
 3423  0725  0220 
 3424  0726  0221 
 3425  0727  0221 
 3426  0727  0221 
 3427  0725  0220 
 3428  0726  0221 
 3429  0726  0221 
 3430  0723  0220 
 3431  0726  0221 
 3432  0726  0221 
 3433  0726  0221 
 3434  0726  0221 
 3435  0727  0221 
 3436  0729  0222 
 3437  0730  0222 
 3438  0728  0221 
 3439  0730  0222 
 3440  0729  0222 
 3441  0729  0222 
 3442  0731  0222 
 3443  0731  0222 
 3444  0730  0222 
 3445  0730  0222 
 3446  0729  0222 
 3447  0732  0223 
 3448  0729  0222 
 3449  0729  0222 
 3450  0731  0222 
 3451  0729  0222 
 3452  0731  0222 
 3453  0730  0222 
 3454  0730  0222 
 3455  0729  0222 
 3456  0731  0222 
 3457  0731  0222 
 3458  0732  0223 
 3459  0732  0223 
 3460  0735  0224 
 3461  0731  0222 
 3462  0731  0222 
 3463  0730  0222 
 3464  0732  0223 
 3465  0733  0223 
 3466  0732  0223 
 3467  0732  0223 
 3468  0729  0222 
 3469  0730  0222 
 3470  0730  0222 
 3471  0730  0222 
 3472  0731  0222 
 3473  0731  0222 
 3474  0732  0223 
 3475  0730  0222 
 3476  0733  0223 
 3477  0730  0222 
 3478  0730  0222 
 3479  0731  0222 
 3480  0732  0223 
 3481  0731  0222 
 3482  0727  0221 
 3483  0732  0223 
 3484  0729  0222 
 3485  0726  0221 
 3486  0733  0223 
 3487  0728  0221 
 3488  0731  0222 
 3489  0729  0222 
 3490  0733  0223 
 3491  0732  0223 
 3492  0732  0223 
 3493  0731  0222 
 3494  0729  0222 
 3495  0731  0222 
 3496  0729  0222 
 3497  0732  0223 
 3498  0732  0223 
 3499  0731  0222 
 3500  536888936  163643747 
 3501  3500  1066 
 3502  536873616  163639078 
 3503  2248  0685 
 3504  536873272  163638973 
 3505  536873272  163638973 
 3506  0064  0019 
 3507  536890852  163644331 
 3508  536873272  163638973 
 3509  536874592  163639375 
 3510  134239096  40916076 
 3511  -671022847  -204527763 
 3512  0000  0000 
 3513  536888972  163643758 
 3514  536888976  163643759 
 3515  536888976  163643759 ê
Up and Running
Gyro Whoami Byte = 0xD4

ChibiOS/RT Shell
ch> 