AĞdata
aòàÿAĞdata ?
ch> data
 0000  0563  0171 
 0001  0546  0166 
 0002  0542  0165 
 0003  0546  0166 
 0004  0545  0166 
 0005  0547  0166 
 0006  0548  0167 
 0007  0545  0166 
 0008  0546  0166 
 0009  0547  0166 
 0010  0549  0167 
 0011  0549  0167 
 0012  0549  0167 
 0013  0549  0167 
 0014  0550  0167 
 0015  0548  0167 
 0016  0550  0167 
 0017  0546  0166 
 0018  0545  0166 
 0019  0544  0165 
 0020  0548  0167 
 0021  0546  0166 
 0022  0547  0166 
 0023  0544  0165 
 0024  0548  0167 
 0025  0544  0165 
 0026  0549  0167 
 0027  0546  0166 
 0028  0543  0165 
 0029  0543  0165 
 0030  0546  0166 
 0031  0543  0165 
 0032  0546  0166 
 0033  0544  0165 
 0034  0544  0165 
 0035  0545  0166 
 0036  0545  0166 
 0037  0543  0165 
 0038  0548  0167 
 0039  0543  0165 
 0040  0546  0166 
 0041  0544  0165 
 0042  0543  0165 
 0043  0541  0164 
 0044  0545  0166 
 0045  0546  0166 
 0046  0546  0166 
 0047  0545  0166 
 0048  0544  0165 
 0049  0545  0166 
 0050  0542  0165 
 0051  0547  0166 
 0052  0546  0166 
 0053  0545  0166 
 0054  0546  0166 
 0055  0545  0166 
 0056  0545  0166 
 0057  0545  0166 
 0058  0544  0165 
 0059  0544  0165 
 0060  0545  0166 
 0061  0545  0166 
 0062  0546  0166 
 0063  0545  0166 
 0064  0545  0166 
 0065  0547  0166 
 0066  0548  0167 
 0067  0546  0166 
 0068  0544  0165 
 0069  0545  0166 
 0070  0548  0167 
 0071  0543  0165 
 0072  0544  0165 
 0073  0544  0165 
 0074  0545  0166 
 0075  0545  0166 
 0076  0547  0166 
 0077  0545  0166 
 0078  0541  0164 
 0079  0546  0166 
 0080  0545  0166 
 0081  0545  0166 
 0082  0544  0165 
 0083  0545  0166 
 0084  0546  0166 
 0085  0546  0166 
 0086  0544  0165 
 0087  0547  0166 
 0088  0546  0166 
 0089  0549  0167 
 0090  0548  0167 
 0091  0548  0167 
 0092  0545  0166 
 0093  0545  0166 
 0094  0545  0166 
 0095  0549  0167 
 0096  0547  0166 
 0097  0547  0166 
 0098  0549  0167 
 0099  0548  0167 
 0100  0547  0166 
 0101  0544  0165 
 0102  0547  0166 
 0103  0547  0166 
 0104  0550  0167 
 0105  0548  0167 
 0106  0544  0165 
 0107  0546  0166 
 0108  0545  0166 
 0109  0545  0166 
 0110  0545  0166 
 0111  0547  0166 
 0112  0541  0164 
 0113  0544  0165 
 0114  0546  0166 
 0115  0543  0165 
 0116  0545  0166 
 0117  0546  0166 
 0118  0547  0166 
 0119  0547  0166 
 0120  0546  0166 
 0121  0545  0166 
 0122  0546  0166 
 0123  0545  0166 
 0124  0547  0166 
 0125  0548  0167 
 0126  0546  0166 
 0127  0549  0167 
 0128  0549  0167 
 0129  0547  0166 
 0130  0549  0167 
 0131  0548  0167 
 0132  0546  0166 
 0133  0546  0166 
 0134  0549  0167 
 0135  0549  0167 
 0136  0547  0166 
 0137  0547  0166 
 0138  0545  0166 
 0139  0548  0167 
 0140  0547  0166 
 0141  0547  0166 
 0142  0546  0166 
 0143  0544  0165 
 0144  0544  0165 
 0145  0546  0166 
 0146  0545  0166 
 0147  0544  0165 
 0148  0544  0165 
 0149  0544  0165 
 0150  0545  0166 
 0151  0544  0165 
 0152  0545  0166 
 0153  0546  0166 
 0154  0544  0165 
 0155  0543  0165 
 0156  0546  0166 
 0157  0546  0166 
 0158  0545  0166 
 0159  0544  0165 
 0160  0545  0166 
 0161  0543  0165 
 0162  0546  0166 
 0163  0544  0165 
 0164  0543  0165 
 0165  0540  0164 
 0166  0544  0165 
 0167  0544  0165 
 0168  0545  0166 
 0169  0547  0166 
 0170  0544  0165 
 0171  0543  0165 
 0172  0544  0165 
 0173  0544  0165 
 0174  0541  0164 
 0175  0543  0165 
 0176  0545  0166 
 0177  0540  0164 
 0178  0542  0165 
 0179  0544  0165 
 0180  0542  0165 
 0181  0541  0164 
 0182  0542  0165 
 0183  0543  0165 
 0184  0541  0164 
 0185  0539  0164 
 0186  0540  0164 
 0187  0540  0164 
 0188  0540  0164 
 0189  0541  0164 
 0190  0541  0164 
 0191  0541  0164 
 0192  0539  0164 
 0193  0539  0164 
 0194  0539  0164 
 0195  0539  0164 
 0196  0536  0163 
 0197  0537  0163 
 0198  0538  0163 
 0199  0537  0163 
 0200  0536  0163 
 0201  0539  0164 
 0202  0537  0163 
 0203  0540  0164 
 0204  0538  0163 
 0205  0540  0164 
 0206  0539  0164 
 0207  0538  0163 
 0208  0538  0163 
 0209  0538  0163 
 0210  0535  0163 
 0211  0535  0163 
 0212  0536  0163 
 0213  0535  0163 
 0214  0539  0164 
 0215  0540  0164 
 0216  0537  0163 
 0217  0537  0163 
 0218  0535  0163 
 0219  0538  0163 
 0220  0538  0163 
 0221  0537  0163 
 0222  0534  0162 
 0223  0535  0163 
 0224  0535  0163 
 0225  0537  0163 
 0226  0537  0163 
 0227  0537  0163 
 0228  0535  0163 
 0229  0534  0162 
 0230  0532  0162 
 0231  0536  0163 
 0232  0536  0163 
 0233  0531  0161 
 0234  0532  0162 
 0235  0534  0162 
 0236  0533  0162 
 0237  0532  0162 
 0238  0534  0162 
 0239  0532  0162 
 0240  0533  0162 
 0241  0535  0163 
 0242  0535  0163 
 0243  0535  0163 
 0244  0532  0162 
 0245  0533  0162 
 0246  0531  0161 
 0247  0531  0161 
 0248  0534  0162 
 0249  0531  0161 
 0250  0532  0162 
 0251  0530  0161 
 0252  0531  0161 
 0253  0536  0163 
 0254  0533  0162 
 0255  0532  0162 
 0256  0532  0162 
 0257  0533  0162 
 0258  0531  0161 
 0259  0532  0162 
 0260  0532  0162 
 0261  0531  0161 
 0262  0531  0161 
 0263  0533  0162 
 0264  0534  0162 
 0265  0532  0162 
 0266  0534  0162 
 0267  0535  0163 
 0268  0534  0162 
 0269  0531  0161 
 0270  0533  0162 
 0271  0530  0161 
 0272  0533  0162 
 0273  0533  0162 
 0274  0533  0162 
 0275  0533  0162 
 0276  0534  0162 
 0277  0533  0162 
 0278  0531  0161 
 0279  0533  0162 
 0280  0534  0162 
 0281  0532  0162 
 0282  0534  0162 
 0283  0531  0161 
 0284  0532  0162 
 0285  0534  0162 
 0286  0533  0162 
 0287  0534  0162 
 0288  0535  0163 
 0289  0535  0163 
 0290  0531  0161 
 0291  0535  0163 
 0292  0535  0163 
 0293  0535  0163 
 0294  0534  0162 
 0295  0536  0163 
 0296  0534  0162 
 0297  0533  0162 
 0298  0529  0161 
 0299  0532  0162 
 0300  0534  0162 
 0301  0532  0162 
 0302  0533  0162 
 0303  0532  0162 
 0304  0536  0163 
 0305  0535  0163 
 0306  0534  0162 
 0307  0531  0161 
 0308  0532  0162 
 0309  0532  0162 
 0310  0533  0162 
 0311  0531  0161 
 0312  0528  0160 
 0313  0530  0161 
 0314  0532  0162 
 0315  0531  0161 
 0316  0530  0161 
 0317  0532  0162 
 0318  0535  0163 
 0319  0535  0163 
 0320  0534  0162 
 0321  0534  0162 
 0322  0533  0162 
 0323  0535  0163 
 0324  0535  0163 
 0325  0538  0163 
 0326  0533  0162 
 0327  0532  0162 
 0328  0535  0163 
 0329  0529  0161 
 0330  0532  0162 
 0331  0533  0162 
 0332  0533  0162 
 0333  0533  0162 
 0334  0534  0162 
 0335  0534  0162 
 0336  0533  0162 
 0337  0533  0162 
 0338  0533  0162 
 0339  0530  0161 
 0340  0531  0161 
 0341  0534  0162 
 0342  0533  0162 
 0343  0530  0161 
 0344  0530  0161 
 0345  0530  0161 
 0346  0532  0162 
 0347  0531  0161 
 0348  0532  0162 
 0349  0533  0162 
 0350  0533  0162 
 0351  0532  0162 
 0352  0532  0162 
 0353  0530  0161 
 0354  0534  0162 
 0355  0529  0161 
 0356  0532  0162 
 0357  0532  0162 
 0358  0535  0163 
 0359  0534  0162 
 0360  0533  0162 
 0361  0535  0163 
 0362  0532  0162 
 0363  0531  0161 
 0364  0533  0162 
 0365  0533  0162 
 0366  0534  0162 
 0367  0532  0162 
 0368  0531  0161 
 0369  0535  0163 
 0370  0532  0162 
 0371  0534  0162 
 0372  0533  0162 
 0373  0534  0162 
 0374  0534  0162 
 0375  0531  0161 
 0376  0536  0163 
 0377  0534  0162 
 0378  0533  0162 
 0379  0532  0162 
 0380  0532  0162 
 0381  0532  0162 
 0382  0530  0161 
 0383  0535  0163 
 0384  0532  0162 
 0385  0530  0161 
 0386  0530  0161 
 0387  0536  0163 
 0388  0532  0162 
 0389  0533  0162 
 0390  0533  0162 
 0391  0533  0162 
 0392  0533  0162 
 0393  0532  0162 
 0394  0533  0162 
 0395  0532  0162 
 0396  0535  0163 
 0397  0530  0161 
 0398  0532  0162 
 0399  0532  0162 
 0400  0531  0161 
 0401  0534  0162 
 0402  0534  0162 
 0403  0536  0163 
 0404  0533  0162 
 0405  0534  0162 
 0406  0534  0162 
 0407  0534  0162 
 0408  0534  0162 
 0409  0534  0162 
 0410  0534  0162 
 0411  0531  0161 
 0412  0531  0161 
 0413  0532  0162 
 0414  0532  0162 
 0415  0535  0163 
 0416  0534  0162 
 0417  0533  0162 
 0418  0535  0163 
 0419  0535  0163 
 0420  0535  0163 
 0421  0533  0162 
 0422  0533  0162 
 0423  0533  0162 
 0424  0532  0162 
 0425  0534  0162 
 0426  0533  0162 
 0427  0535  0163 
 0428  0536  0163 
 0429  0535  0163 
 0430  0537  0163 
 0431  0537  0163 
 0432  0534  0162 
 0433  0538  0163 
 0434  0533  0162 
 0435  0535  0163 
 0436  0535  0163 
 0437  0533  0162 
 0438  0536  0163 
 0439  0536  0163 
 0440  0536  0163 
 0441  0534  0162 
 0442  0532  0162 
 0443  0537  0163 
 0444  0534  0162 
 0445  0535  0163 
 0446  0536  0163 
 0447  0535  0163 
 0448  0535  0163 
 0449  0535  0163 
 0450  0535  0163 
 0451  0533  0162 
 0452  0535  0163 
 0453  0536  0163 
 0454  0535  0163 
 0455  0532  0162 
 0456  0534  0162 
 0457  0535  0163 
 0458  0536  0163 
 0459  0534  0162 
 0460  0537  0163 
 0461  0535  0163 
 0462  0533  0162 
 0463  0535  0163 
 0464  0536  0163 
 0465  0536  0163 
 0466  0534  0162 
 0467  0536  0163 
 0468  0536  0163 
 0469  0535  0163 
 0470  0535  0163 
 0471  0535  0163 
 0472  0536  0163 
 0473  0533  0162 
 0474  0535  0163 
 0475  0537  0163 
 0476  0538  0163 
 0477  0535  0163 
 0478  0537  0163 
 0479  0535  0163 
 0480  0535  0163 
 0481  0537  0163 
 0482  0536  0163 
 0483  0534  0162 
 0484  0537  0163 
 0485  0533  0162 
 0486  0534  0162 
 0487  0536  0163 
 0488  0535  0163 
 0489  0533  0162 
 0490  0533  0162 
 0491  0533  0162 
 0492  0531  0161 
 0493  0531  0161 
 0494  0531  0161 
 0495  0534  0162 
 0496  0531  0161 
 0497  0533  0162 
 0498  0530  0161 
 0499  0533  0162 
 0500  0532  0162 
 0501  0534  0162 
 0502  0532  0162 
 0503  0532  0162 
 0504  0530  0161 
 0505  0529  0161 
 0506  0531  0161 
 0507  0531  0161 
 0508  0531  0161 
 0509  0529  0161 
 0510  0530  0161 
 0511  0530  0161 
 0512  0529  0161 
 0513  0531  0161 
 0514  0530  0161 
 0515  0527  0160 
 0516  0529  0161 
 0517  0530  0161 
 0518  0530  0161 
 0519  0530  0161 
 0520  0530  0161 
 0521  0529  0161 
 0522  0527  0160 
 0523  0528  0160 
 0524  0528  0160 
 0525  0529  0161 
 0526  0528  0160 
 0527  0527  0160 
 0528  0527  0160 
 0529  0526  0160 
 0530  0528  0160 
 0531  0528  0160 
 0532  0529  0161 
 0533  0529  0161 
 0534  0528  0160 
 0535  0526  0160 
 0536  0528  0160 
 0537  0526  0160 
 0538  0529  0161 
 0539  0525  0160 
 0540  0525  0160 
 0541  0525  0160 
 0542  0524  0159 
 0543  0522  0159 
 0544  0521  0158 
 0545  0525  0160 
 0546  0523  0159 
 0547  0525  0160 
 0548  0519  0158 
 0549  0521  0158 
 0550  0523  0159 
 0551  0524  0159 
 0552  0525  0160 
 0553  0523  0159 
 0554  0526  0160 
 0555  0523  0159 
 0556  0523  0159 
 0557  0524  0159 
 0558  0522  0159 
 0559  0521  0158 
 0560  0523  0159 
 0561  0524  0159 
 0562  0524  0159 
 0563  0524  0159 
 0564  0525  0160 
 0565  0525  0160 
 0566  0524  0159 
 0567  0522  0159 
 0568  0521  0158 
 0569  0524  0159 
 0570  0526  0160 
 0571  0524  0159 
 0572  0525  0160 
 0573  0528  0160 
 0574  0527  0160 
 0575  0528  0160 
 0576  0523  0159 
 0577  0524  0159 
 0578  0523  0159 
 0579  0523  0159 
 0580  0525  0160 
 0581  0526  0160 
 0582  0524  0159 
 0583  0521  0158 
 0584  0522  0159 
 0585  0522  0159 
 0586  0520  0158 
 0587  0519  0158 
 0588  0521  0158 
 0589  0522  0159 
 0590  0522  0159 
 0591  0522  0159 
 0592  0523  0159 
 0593  0523  0159 
 0594  0521  0158 
 0595  0525  0160 
 0596  0522  0159 
 0597  0522  0159 
 0598  0519  0158 
 0599  0521  0158 
 0600  0518  0157 
 0601  0521  0158 
 0602  0518  0157 
 0603  0519  0158 
 0604  0520  0158 
 0605  0522  0159 
 0606  0522  0159 
 0607  0520  0158 
 0608  0522  0159 
 0609  0521  0158 
 0610  0520  0158 
 0611  0521  0158 
 0612  0521  0158 
 0613  0522  0159 
 0614  0517  0157 
 0615  0518  0157 
 0616  0521  0158 
 0617  0523  0159 
 0618  0521  0158 
 0619  0520  0158 
 0620  0521  0158 
 0621  0520  0158 
 0622  0518  0157 
 0623  0515  0156 
 0624  0520  0158 
 0625  0522  0159 
 0626  0520  0158 
 0627  0520  0158 
 0628  0519  0158 
 0629  0522  0159 
 0630  0521  0158 
 0631  0522  0159 
 0632  0516  0157 
 0633  0524  0159 
 0634  0518  0157 
 0635  0520  0158 
 0636  0522  0159 
 0637  0521  0158 
 0638  0520  0158 
 0639  0520  0158 
 0640  0521  0158 
 0641  0523  0159 
 0642  0522  0159 
 0643  0521  0158 
 0644  0525  0160 
 0645  0521  0158 
 0646  0523  0159 
 0647  0519  0158 
 0648  0519  0158 
 0649  0522  0159 
 0650  0520  0158 
 0651  0521  0158 
 0652  0521  0158 
 0653  0520  0158 
 0654  0523  0159 
 0655  0522  0159 
 0656  0521  0158 
 0657  0520  0158 
 0658  0522  0159 
 0659  0520  0158 
 0660  0519  0158 
 0661  0521  0158 
 0662  0522  0159 
 0663  0519  0158 
 0664  0521  0158 
 0665  0522  0159 
 0666  0522  0159 
 0667  0520  0158 
 0668  0520  0158 
 0669  0522  0159 
 0670  0521  0158 
 0671  0521  0158 
 0672  0522  0159 
 0673  0521  0158 
 0674  0523  0159 
 0675  0521  0158 
 0676  0520  0158 
 0677  0519  0158 
 0678  0520  0158 
 0679  0520  0158 
 0680  0523  0159 
 0681  0520  0158 
 0682  0520  0158 
 0683  0524  0159 
 0684  0520  0158 
 0685  0522  0159 
 0686  0520  0158 
 0687  0520  0158 
 0688  0518  0157 
 0689  0522  0159 
 0690  0522  0159 
 0691  0519  0158 
 0692  0521  0158 
 0693  0522  0159 
 0694  0519  0158 
 0695  0522  0159 
 0696  0518  0157 
 0697  0520  0158 
 0698  0523  0159 
 0699  0521  0158 
 0700  0522  0159 
 0701  0522  0159 
 0702  0524  0159 
 0703  0522  0159 
 0704  0520  0158 
 0705  0521  0158 
 0706  0523  0159 
 0707  0522  0159 
 0708  0521  0158 
 0709  0519  0158 
 0710  0522  0159 
 0711  0522  0159 
 0712  0519  0158 
 0713  0522  0159 
 0714  0521  0158 
 0715  0523  0159 
 0716  0524  0159 
 0717  0521  0158 
 0718  0519  0158 
 0719  0520  0158 
 0720  0521  0158 
 0721  0525  0160 
 0722  0522  0159 
 0723  0522  0159 
 0724  0524  0159 
 0725  0525  0160 
 0726  0524  0159 
 0727  0523  0159 
 0728  0521  0158 
 0729  0525  0160 
 0730  0523  0159 
 0731  0523  0159 
 0732  0523  0159 
 0733  0523  0159 
 0734  0526  0160 
 0735  0524  0159 
 0736  0524  0159 
 0737  0520  0158 
 0738  0521  0158 
 0739  0525  0160 
 0740  0522  0159 
 0741  0524  0159 
 0742  0522  0159 
 0743  0523  0159 
 0744  0523  0159 
 0745  0522  0159 
 0746  0527  0160 
 0747  0523  0159 
 0748  0524  0159 
 0749  0523  0159 
 0750  0523  0159 
 0751  0521  0158 
 0752  0526  0160 
 0753  0520  0158 
 0754  0523  0159 
 0755  0519  0158 
 0756  0522  0159 
 0757  0523  0159 
 0758  0518  0157 
 0759  0522  0159 
 0760  0523  0159 
 0761  0524  0159 
 0762  0525  0160 
 0763  0523  0159 
 0764  0524  0159 
 0765  0524  0159 
 0766  0524  0159 
 0767  0525  0160 
 0768  0522  0159 
 0769  0524  0159 
 0770  0522  0159 
 0771  0522  0159 
 0772  0523  0159 
 0773  0523  0159 
 0774  0523  0159 
 0775  0522  0159 
 0776  0523  0159 
 0777  0523  0159 
 0778  0528  0160 
 0779  0523  0159 
 0780  0525  0160 
 0781  0521  0158 
 0782  0525  0160 
 0783  0524  0159 
 0784  0520  0158 
 0785  0521  0158 
 0786  0520  0158 
 0787  0517  0157 
 0788  0520  0158 
 0789  0521  0158 
 0790  0522  0159 
 0791  0525  0160 
 0792  0518  0157 
 0793  0523  0159 
 0794  0527  0160 
 0795  0526  0160 
 0796  0523  0159 
 0797  0528  0160 
 0798  0527  0160 
 0799  0525  0160 
 0800  0525  0160 
 0801  0523  0159 
 0802  0521  0158 
 0803  0525  0160 
 0804  0521  0158 
 0805  0526  0160 
 0806  0525  0160 
 0807  0523  0159 
 0808  0524  0159 
 0809  0527  0160 
 0810  0524  0159 
 0811  0520  0158 
 0812  0522  0159 
 0813  0523  0159 
 0814  0519  0158 
 0815  0522  0159 
 0816  0520  0158 
 0817  0522  0159 
 0818  0521  0158 
 0819  0524  0159 
 0820  0521  0158 
 0821  0525  0160 
 0822  0525  0160 
 0823  0522  0159 
 0824  0525  0160 
 0825  0522  0159 
 0826  0524  0159 
 0827  0522  0159 
 0828  0525  0160 
 0829  0523  0159 
 0830  0525  0160 
 0831  0526  0160 
 0832  0528  0160 
 0833  0527  0160 
 0834  0526  0160 
 0835  0531  0161 
 0836  0529  0161 
 0837  0528  0160 
 0838  0524  0159 
 0839  0529  0161 
 0840  0526  0160 
 0841  0528  0160 
 0842  0524  0159 
 0843  0528  0160 
 0844  0527  0160 
 0845  0526  0160 
 0846  0529  0161 
 0847  0532  0162 
 0848  0530  0161 
 0849  0530  0161 
 0850  0529  0161 
 0851  0531  0161 
 0852  0530  0161 
 0853  0528  0160 
 0854  0529  0161 
 0855  0531  0161 
 0856  0531  0161 
 0857  0530  0161 
 0858  0529  0161 
 0859  0531  0161 
 0860  0532  0162 
 0861  0535  0163 
 0862  0534  0162 
 0863  0534  0162 
 0864  0531  0161 
 0865  0536  0163 
 0866  0536  0163 
 0867  0535  0163 
 0868  0532  0162 
 0869  0538  0163 
 0870  0535  0163 
 0871  0534  0162 
 0872  0534  0162 
 0873  0535  0163 
 0874  0539  0164 
 0875  0538  0163 
 0876  0539  0164 
 0877  0541  0164 
 0878  0538  0163 
 0879  0538  0163 
 0880  0537  0163 
 0881  0538  0163 
 0882  0541  0164 
 0883  0539  0164 
 0884  0539  0164 
 0885  0538  0163 
 0886  0536  0163 
 0887  0541  0164 
 0888  0540  0164 
 0889  0540  0164 
 0890  0539  0164 
 0891  0541  0164 
 0892  0537  0163 
 0893  0541  0164 
 0894  0541  0164 
 0895  0540  0164 
 0896  0542  0165 
 0897  0540  0164 
 0898  0542  0165 
 0899  0543  0165 
 0900  0541  0164 
 0901  0545  0166 
 0902  0542  0165 
 0903  0540  0164 
 0904  0541  0164 
 0905  0543  0165 
 0906  0543  0165 
 0907  0543  0165 
 0908  0545  0166 
 0909  0542  0165 
 0910  0544  0165 
 0911  0543  0165 
 0912  0549  0167 
 0913  0545  0166 
 0914  0543  0165 
 0915  0545  0166 
 0916  0545  0166 
 0917  0545  0166 
 0918  0546  0166 
 0919  0547  0166 
 0920  0545  0166 
 0921  0547  0166 
 0922  0547  0166 
 0923  0546  0166 
 0924  0547  0166 
 0925  0548  0167 
 0926  0546  0166 
 0927  0546  0166 
 0928  0548  0167 
 0929  0548  0167 
 0930  0548  0167 
 0931  0551  0167 
 0932  0549  0167 
 0933  0547  0166 
 0934  0549  0167 
 0935  0550  0167 
 0936  0551  0167 
 0937  0550  0167 
 0938  0553  0168 
 0939  0553  0168 
 0940  0550  0167 
 0941  0551  0167 
 0942  0553  0168 
 0943  0551  0167 
 0944  0552  0168 
 0945  0550  0167 
 0946  0553  0168 
 0947  0554  0168 
 0948  0551  0167 
 0949  0552  0168 
 0950  0550  0167 
 0951  0553  0168 
 0952  0555  0169 
 0953  0556  0169 
 0954  0554  0168 
 0955  0555  0169 
 0956  0555  0169 
 0957  0555  0169 
 0958  0555  0169 
 0959  0555  0169 
 0960  0556  0169 
 0961  0555  0169 
 0962  0555  0169 
 0963  0558  0170 
 0964  0559  0170 
 0965  0558  0170 
 0966  0558  0170 
 0967  0561  0170 
 0968  0556  0169 
 0969  0558  0170 
 0970  0557  0169 
 0971  0557  0169 
 0972  0557  0169 
 0973  0555  0169 
 0974  0556  0169 
 0975  0560  0170 
 0976  0555  0169 
 0977  0557  0169 
 0978  0563  0171 
 0979  0562  0171 
 0980  0561  0170 
 0981  0560  0170 
 0982  0558  0170 
 0983  0559  0170 
 0984  0562  0171 
 0985  0561  0170 
 0986  0557  0169 
 0987  0560  0170 
 0988  0557  0169 
 0989  0559  0170 
 0990  0559  0170 
 0991  0559  0170 
 0992  0562  0171 
 0993  0562  0171 
 0994  0560  0170 
 0995  0563  0171 
 0996  0563  0171 
 0997  0563  0171 
 0998  0567  0172 
 0999  0564  0171 
 1000  0565  0172 
 1001  0563  0171 
 1002  0565  0172 
 1003  0564  0171 
 1004  0563  0171 
 1005  0565  0172 
 1006  0563  0171 
 1007  0563  0171 
 1008  0567  0172 
 1009  0568  0173 
 1010  0565  0172 
 1011  0565  0172 
 1012  0567  0172 
 1013  0566  0172 
 1014  0564  0171 
 1015  0568  0173 
 1016  0569  0173 
 1017  0566  0172 
 1018  0568  0173 
 1019  0570  0173 
 1020  0566  0172 
 1021  0570  0173 
 1022  0571  0174 
 1023  0571  0174 
 1024  0568  0173 
 1025  0568  0173 
 1026  0569  0173 
 1027  0571  0174 
 1028  0569  0173 
 1029  0568  0173 
 1030  0571  0174 
 1031  0567  0172 
 1032  0569  0173 
 1033  0569  0173 
 1034  0574  0174 
 1035  0571  0174 
 1036  0571  0174 
 1037  0571  0174 
 1038  0572  0174 
 1039  0570  0173 
 1040  0574  0174 
 1041  0572  0174 
 1042  0574  0174 
 1043  0574  0174 
 1044  0571  0174 
 1045  0573  0174 
 1046  0574  0174 
 1047  0574  0174 
 1048  0574  0174 
 1049  0574  0174 
 1050  0575  0175 
 1051  0577  0175 
 1052  0575  0175 
 1053  0573  0174 
 1054  0575  0175 
 1055  0573  0174 
 1056  0576  0175 
 1057  0574  0174 
 1058  0577  0175 
 1059  0577  0175 
 1060  0576  0175 
 1061  0576  0175 
 1062  0576  0175 
 1063  0575  0175 
 1064  0577  0175 
 1065  0576  0175 
 1066  0573  0174 
 1067  0575  0175 
 1068  0576  0175 
 1069  0576  0175 
 1070  0576  0175 
 1071  0578  0176 
 1072  0580  0176 
 1073  0577  0175 
 1074  0576  0175 
 1075  0576  0175 
 1076  0578  0176 
 1077  0581  0177 
 1078  0577  0175 
 1079  0578  0176 
 1080  0579  0176 
 1081  0577  0175 
 1082  0576  0175 
 1083  0575  0175 
 1084  0575  0175 
 1085  0575  0175 
 1086  0575  0175 
 1087  0576  0175 
 1088  0579  0176 
 1089  0578  0176 
 1090  0575  0175 
 1091  0574  0174 
 1092  0578  0176 
 1093  0576  0175 
 1094  0576  0175 
 1095  0577  0175 
 1096  0576  0175 
 1097  0577  0175 
 1098  0576  0175 
 1099  0578  0176 
 1100  0577  0175 
 1101  0578  0176 
 1102  0577  0175 
 1103  0577  0175 
 1104  0578  0176 
 1105  0574  0174 
 1106  0577  0175 
 1107  0575  0175 
 1108  0577  0175 
 1109  0577  0175 
 1110  0579  0176 
 1111  0578  0176 
 1112  0578  0176 
 1113  0576  0175 
 1114  0578  0176 
 1115  0576  0175 
 1116  0577  0175 
 1117  0577  0175 
 1118  0575  0175 
 1119  0579  0176 
 1120  0577  0175 
 1121  0576  0175 
 1122  0578  0176 
 1123  0578  0176 
 1124  0575  0175 
 1125  0575  0175 
 1126  0578  0176 
 1127  0575  0175 
 1128  0577  0175 
 1129  0579  0176 
 1130  0581  0177 
 1131  0579  0176 
 1132  0576  0175 
 1133  0578  0176 
 1134  0578  0176 
 1135  0576  0175 
 1136  0579  0176 
 1137  0578  0176 
 1138  0577  0175 
 1139  0579  0176 
 1140  0580  0176 
 1141  0578  0176 
 1142  0576  0175 
 1143  0576  0175 
 1144  0577  0175 
 1145  0578  0176 
 1146  0579  0176 
 1147  0579  0176 
 1148  0577  0175 
 1149  0580  0176 
 1150  0580  0176 
 1151  0578  0176 
 1152  0579  0176 
 1153  0578  0176 
 1154  0578  0176 
 1155  0580  0176 
 1156  0579  0176 
 1157  0579  0176 
 1158  0577  0175 
 1159  0578  0176 
 1160  0579  0176 
 1161  0578  0176 
 1162  0576  0175 
 1163  0578  0176 
 1164  0577  0175 
 1165  0575  0175 
 1166  0578  0176 
 1167  0578  0176 
 1168  0577  0175 
 1169  0579  0176 
 1170  0577  0175 
 1171  0576  0175 
 1172  0575  0175 
 1173  0575  0175 
 1174  0576  0175 
 1175  0574  0174 
 1176  0577  0175 
 1177  0577  0175 
 1178  0576  0175 
 1179  0578  0176 
 1180  0576  0175 
 1181  0578  0176 
 1182  0577  0175 
 1183  0577  0175 
 1184  0576  0175 
 1185  0578  0176 
 1186  0577  0175 
 1187  0579  0176 
 1188  0574  0174 
 1189  0575  0175 
 1190  0572  0174 
 1191  0574  0174 
 1192  0575  0175 
 1193  0576  0175 
 1194  0577  0175 
 1195  0577  0175 
 1196  0575  0175 
 1197  0575  0175 
 1198  0575  0175 
 1199  0577  0175 
 1200  0578  0176 
 1201  0577  0175 
 1202  0578  0176 
 1203  0580  0176 
 1204  0577  0175 
 1205  0574  0174 
 1206  0576  0175 
 1207  0577  0175 
 1208  0576  0175 
 1209  0576  0175 
 1210  0576  0175 
 1211  0576  0175 
 1212  0576  0175 
 1213  0575  0175 
 1214  0574  0174 
 1215  0576  0175 
 1216  0576  0175 
 1217  0574  0174 
 1218  0577  0175 
 1219  0579  0176 
 1220  0575  0175 
 1221  0578  0176 
 1222  0576  0175 
 1223  0575  0175 
 1224  0576  0175 
 1225  0576  0175 
 1226  0573  0174 
 1227  0575  0175 
 1228  0576  0175 
 1229  0576  0175 
 1230  0576  0175 
 1231  0576  0175 
 1232  0574  0174 
 1233  0576  0175 
 1234  0577  0175 
 1235  0577  0175 
 1236  0575  0175 
 1237  0577  0175 
 1238  0579  0176 
 1239  0577  0175 
 1240  0578  0176 
 1241  0575  0175 
 1242  0575  0175 
 1243  0574  0174 
 1244  0575  0175 
 1245  0576  0175 
 1246  0576  0175 
 1247  0578  0176 
 1248  0575  0175 
 1249  0577  0175 
 1250  0576  0175 
 1251  0578  0176 
 1252  0576  0175 
 1253  0575  0175 
 1254  0578  0176 
 1255  0577  0175 
 1256  0576  0175 
 1257  0577  0175 
 1258  0576  0175 
 1259  0574  0174 
 1260  0574  0174 
 1261  0575  0175 
 1262  0575  0175 
 1263  0573  0174 
 1264  0576  0175 
 1265  0577  0175 
 1266  0581  0177 
 1267  0577  0175 
 1268  0574  0174 
 1269  0574  0174 
 1270  0576  0175 
 1271  0576  0175 
 1272  0576  0175 
 1273  0575  0175 
 1274  0576  0175 
 1275  0577  0175 
 1276  0575  0175 
 1277  0577  0175 
 1278  0579  0176 
 1279  0575  0175 
 1280  0576  0175 
 1281  0577  0175 
 1282  0576  0175 
 1283  0579  0176 
 1284  0577  0175 
 1285  0580  0176 
 1286  0579  0176 
 1287  0576  0175 
 1288  0577  0175 
 1289  0579  0176 
 1290  0576  0175 
 1291  0578  0176 
 1292  0578  0176 
 1293  0576  0175 
 1294  0576  0175 
 1295  0575  0175 
 1296  0575  0175 
 1297  0574  0174 
 1298  0578  0176 
 1299  0577  0175 
 1300  0577  0175 
 1301  0574  0174 
 1302  0575  0175 
 1303  0574  0174 
 1304  0576  0175 
 1305  0572  0174 
 1306  0575  0175 
 1307  0576  0175 
 1308  0576  0175 
 1309  0578  0176 
 1310  0576  0175 
 1311  0575  0175 
 1312  0577  0175 
 1313  0577  0175 
 1314  0578  0176 
 1315  0578  0176 
 1316  0577  0175 
 1317  0576  0175 
 1318  0576  0175 
 1319  0574  0174 
 1320  0576  0175 
 1321  0575  0175 
 1322  0578  0176 
 1323  0579  0176 
 1324  0577  0175 
 1325  0577  0175 
 1326  0575  0175 
 1327  0578  0176 
 1328  0576  0175 
 1329  0576  0175 
 1330  0576  0175 
 1331  0578  0176 
 1332  0577  0175 
 1333  0578  0176 
 1334  0578  0176 
 1335  0576  0175 
 1336  0573  0174 
 1337  0576  0175 
 1338  0576  0175 
 1339  0575  0175 
 1340  0577  0175 
 1341  0572  0174 
 1342  0575  0175 
 1343  0572  0174 
 1344  0570  0173 
 1345  0571  0174 
 1346  0571  0174 
 1347  0572  0174 
 1348  0572  0174 
 1349  0571  0174 
 1350  0573  0174 
 1351  0572  0174 
 1352  0570  0173 
 1353  0570  0173 
 1354  0569  0173 
 1355  0570  0173 
 1356  0572  0174 
 1357  0572  0174 
 1358  0572  0174 
 1359  0571  0174 
 1360  0573  0174 
 1361  0571  0174 
 1362  0568  0173 
 1363  0569  0173 
 1364  0570  0173 
 1365  0570  0173 
 1366  0569  0173 
 1367  0570  0173 
 1368  0571  0174 
 1369  0567  0172 
 1370  0568  0173 
 1371  0570  0173 
 1372  0568  0173 
 1373  0570  0173 
 1374  0568  0173 
 1375  0566  0172 
 1376  0568  0173 
 1377  0566  0172 
 1378  0567  0172 
 1379  0564  0171 
 1380  0569  0173 
 1381  0565  0172 
 1382  0563  0171 
 1383  0566  0172 
 1384  0564  0171 
 1385  0564  0171 
 1386  0565  0172 
 1387  0565  0172 
 1388  0565  0172 
 1389  0565  0172 
 1390  0565  0172 
 1391  0563  0171 
 1392  0564  0171 
 1393  0565  0172 
 1394  0564  0171 
 1395  0567  0172 
 1396  0565  0172 
 1397  0565  0172 
 1398  0566  0172 
 1399  0567  0172 
 1400  0566  0172 
 1401  0564  0171 
 1402  0562  0171 
 1403  0566  0172 
 1404  0564  0171 
 1405  0560  0170 
 1406  0563  0171 
 1407  0562  0171 
 1408  0561  0170 
 1409  0563  0171 
 1410  0561  0170 
 1411  0558  0170 
 1412  0559  0170 
 1413  0561  0170 
 1414  0559  0170 
 1415  0560  0170 
 1416  0557  0169 
 1417  0560  0170 
 1418  0559  0170 
 1419  0558  0170 
 1420  0561  0170 
 1421  0559  0170 
 1422  0560  0170 
 1423  0556  0169 
 1424  0558  0170 
 1425  0558  0170 
 1426  0561  0170 
 1427  0557  0169 
 1428  0553  0168 
 1429  0557  0169 
 1430  0556  0169 
 1431  0557  0169 
 1432  0557  0169 
 1433  0560  0170 
 1434  0560  0170 
 1435  0558  0170 
 1436  0557  0169 
 1437  0556  0169 
 1438  0557  0169 
 1439  0556  0169 
 1440  0558  0170 
 1441  0559  0170 
 1442  0559  0170 
 1443  0556  0169 
 1444  0555  0169 
 1445  0557  0169 
 1446  0558  0170 
 1447  0557  0169 
 1448  0555  0169 
 1449  0556  0169 
 1450  0555  0169 
 1451  0556  0169 
 1452  0557  0169 
 1453  0555  0169 
 1454  0555  0169 
 1455  0553  0168 
 1456  0553  0168 
 1457  0555  0169 
 1458  0554  0168 
 1459  0553  0168 
 1460  0553  0168 
 1461  0554  0168 
 1462  0553  0168 
 1463  0553  0168 
 1464  0555  0169 
 1465  0554  0168 
 1466  0553  0168 
 1467  0554  0168 
 1468  0551  0167 
 1469  0553  0168 
 1470  0550  0167 
 1471  0551  0167 
 1472  0551  0167 
 1473  0551  0167 
 1474  0552  0168 
 1475  0550  0167 
 1476  0551  0167 
 1477  0550  0167 
 1478  0552  0168 
 1479  0548  0167 
 1480  0550  0167 
 1481  0550  0167 
 1482  0551  0167 
 1483  0552  0168 
 1484  0551  0167 
 1485  0552  0168 
 1486  0550  0167 
 1487  0548  0167 
 1488  0548  0167 
 1489  0549  0167 
 1490  0548  0167 
 1491  0548  0167 
 1492  0550  0167 
 1493  0550  0167 
 1494  0548  0167 
 1495  0549  0167 
 1496  0546  0166 
 1497  0551  0167 
 1498  0547  0166 
 1499  0547  0166 
 1500  0547  0166 
 1501  0549  0167 
 1502  0547  0166 
 1503  0550  0167 
 1504  0548  0167 
 1505  0546  0166 
 1506  0544  0165 
 1507  0545  0166 
 1508  0545  0166 
 1509  0543  0165 
 1510  0544  0165 
 1511  0544  0165 
 1512  0542  0165 
 1513  0545  0166 
 1514  0546  0166 
 1515  0544  0165 
 1516  0543  0165 
 1517  0544  0165 
 1518  0542  0165 
 1519  0543  0165 
 1520  0542  0165 
 1521  0544  0165 
 1522  0538  0163 
 1523  0542  0165 
 1524  0547  0166 
 1525  0544  0165 
 1526  0541  0164 
 1527  0543  0165 
 1528  0541  0164 
 1529  0539  0164 
 1530  0537  0163 
 1531  0540  0164 
 1532  0537  0163 
 1533  0539  0164 
 1534  0541  0164 
 1535  0539  0164 
 1536  0537  0163 
 1537  0538  0163 
 1538  0536  0163 
 1539  0540  0164 
 1540  0539  0164 
 1541  0539  0164 
 1542  0538  0163 
 1543  0539  0164 
 1544  0539  0164 
 1545  0540  0164 
 1546  0538  0163 
 1547  0538  0163 
 1548  0538  0163 
 1549  0539  0164 
 1550  0537  0163 
 1551  0538  0163 
 1552  0539  0164 
 1553  0538  0163 
 1554  0538  0163 
 1555  0537  0163 
 1556  0535  0163 
 1557  0534  0162 
 1558  0536  0163 
 1559  0531  0161 
 1560  0534  0162 
 1561  0536  0163 
 1562  0532  0162 
 1563  0535  0163 
 1564  0531  0161 
 1565  0532  0162 
 1566  0532  0162 
 1567  0531  0161 
 1568  0532  0162 
 1569  0533  0162 
 1570  0531  0161 
 1571  0531  0161 
 1572  0533  0162 
 1573  0534  0162 
 1574  0533  0162 
 1575  0536  0163 
 1576  0533  0162 
 1577  0531  0161 
 1578  0532  0162 
 1579  0530  0161 
 1580  0531  0161 
 1581  0528  0160 
 1582  0530  0161 
 1583  0530  0161 
 1584  0530  0161 
 1585  0530  0161 
 1586  0533  0162 
 1587  0530  0161 
 1588  0530  0161 
 1589  0532  0162 
 1590  0532  0162 
 1591  0531  0161 
 1592  0531  0161 
 1593  0531  0161 
 1594  0530  0161 
 1595  0530  0161 
 1596  0530  0161 
 1597  0528  0160 
 1598  0531  0161 
 1599  0528  0160 
 1600  0529  0161 
 1601  0529  0161 
 1602  0531  0161 
 1603  0529  0161 
 1604  0532  0162 
 1605  0529  0161 
 1606  0530  0161 
 1607  0530  0161 
 1608  0530  0161 
 1609  0530  0161 
 1610  0529  0161 
 1611  0527  0160 
 1612  0529  0161 
 1613  0527  0160 
 1614  0528  0160 
 1615  0526  0160 
 1616  0525  0160 
 1617  0528  0160 
 1618  0528  0160 
 1619  0525  0160 
 1620  0528  0160 
 1621  0528  0160 
 1622  0526  0160 
 1623  0524  0159 
 1624  0529  0161 
 1625  0528  0160 
 1626  0528  0160 
 1627  0527  0160 
 1628  0527  0160 
 1629  0529  0161 
 1630  0527  0160 
 1631  0528  0160 
 1632  0528  0160 
 1633  0528  0160 
 1634  0528  0160 
 1635  0527  0160 
 1636  0529  0161 
 1637  0525  0160 
 1638  0528  0160 
 1639  0527  0160 
 1640  0527  0160 
 1641  0529  0161 
 1642  0526  0160 
 1643  0527  0160 
 1644  0527  0160 
 1645  0528  0160 
 1646  0526  0160 
 1647  0527  0160 
 1648  0527  0160 
 1649  0527  0160 
 1650  0528  0160 
 1651  0528  0160 
 1652  0526  0160 
 1653  0527  0160 
 1654  0528  0160 
 1655  0527  0160 
 1656  0529  0161 
 1657  0529  0161 
 1658  0529  0161 
 1659  0527  0160 
 1660  0527  0160 
 1661  0529  0161 
 1662  0530  0161 
 1663  0528  0160 
 1664  0525  0160 
 1665  0526  0160 
 1666  0528  0160 
 1667  0527  0160 
 1668  0527  0160 
 1669  0527  0160 
 1670  0524  0159 
 1671  0526  0160 
 1672  0528  0160 
 1673  0527  0160 
 1674  0529  0161 
 1675  0528  0160 
 1676  0529  0161 
 1677  0525  0160 
 1678  0528  0160 
 1679  0525  0160 
 1680  0527  0160 
 1681  0527  0160 
 1682  0529  0161 
 1683  0527  0160 
 1684  0527  0160 
 1685  0527  0160 
 1686  0530  0161 
 1687  0528  0160 
 1688  0528  0160 
 1689  0526  0160 
 1690  0529  0161 
 1691  0530  0161 
 1692  0528  0160 
 1693  0527  0160 
 1694  0528  0160 
 1695  0528  0160 
 1696  0525  0160 
 1697  0528  0160 
 1698  0526  0160 
 1699  0529  0161 
 1700  0527  0160 
 1701  0526  0160 
 1702  0530  0161 
 1703  0531  0161 
 1704  0529  0161 
 1705  0526  0160 
 1706  0531  0161 
 1707  0529  0161 
 1708  0531  0161 
 1709  0528  0160 
 1710  0529  0161 
 1711  0528  0160 
 1712  0526  0160 
 1713  0528  0160 
 1714  0530  0161 
 1715  0530  0161 
 1716  0529  0161 
 1717  0529  0161 
 1718  0529  0161 
 1719  0529  0161 
 1720  0529  0161 
 1721  0531  0161 
 1722  0528  0160 
 1723  0530  0161 
 1724  0529  0161 
 1725  0530  0161 
 1726  0530  0161 
 1727  0530  0161 
 1728  0530  0161 
 1729  0529  0161 
 1730  0531  0161 
 1731  0527  0160 
 1732  0526  0160 
 1733  0528  0160 
 1734  0531  0161 
 1735  0528  0160 
 1736  0531  0161 
 1737  0530  0161 
 1738  0532  0162 
 1739  0530  0161 
 1740  0531  0161 
 1741  0529  0161 
 1742  0529  0161 
 1743  0529  0161 
 1744  0533  0162 
 1745  0527  0160 
 1746  0528  0160 
 1747  0528  0160 
 1748  0527  0160 
 1749  0527  0160 
 1750  0532  0162 
 1751  0529  0161 
 1752  0529  0161 
 1753  0529  0161 
 1754  0528  0160 
 1755  0529  0161 
 1756  0526  0160 
 1757  0526  0160 
 1758  0529  0161 
 1759  0527  0160 
 1760  0528  0160 
 1761  0528  0160 
 1762  0528  0160 
 1763  0528  0160 
 1764  0531  0161 
 1765  0530  0161 
 1766  0528  0160 
 1767  0529  0161 
 1768  0527  0160 
 1769  0525  0160 
 1770  0527  0160 
 1771  0529  0161 
 1772  0531  0161 
 1773  0528  0160 
 1774  0532  0162 
 1775  0531  0161 
 1776  0530  0161 
 1777  0529  0161 
 1778  0532  0162 
 1779  0534  0162 
 1780  0532  0162 
 1781  0529  0161 
 1782  0529  0161 
 1783  0528  0160 
 1784  0530  0161 
 1785  0532  0162 
 1786  0531  0161 
 1787  0529  0161 
 1788  0531  0161 
 1789  0528  0160 
 1790  0527  0160 
 1791  0528  0160 
 1792  0530  0161 
 1793  0531  0161 
 1794  0527  0160 
 1795  0529  0161 
 1796  0530  0161 
 1797  0531  0161 
 1798  0531  0161 
 1799  0528  0160 
 1800  0530  0161 
 1801  0529  0161 
 1802  0530  0161 
 1803  0530  0161 
 1804  0529  0161 
 1805  0532  0162 
 1806  0532  0162 
 1807  0533  0162 
 1808  0533  0162 
 1809  0530  0161 
 1810  0531  0161 
 1811  0530  0161 
 1812  0532  0162 
 1813  0528  0160 
 1814  0528  0160 
 1815  0528  0160 
 1816  0532  0162 
 1817  0531  0161 
 1818  0531  0161 
 1819  0530  0161 
 1820  0530  0161 
 1821  0530  0161 
 1822  0530  0161 
 1823  0529  0161 
 1824  0531  0161 
 1825  0529  0161 
 1826  0528  0160 
 1827  0532  0162 
 1828  0533  0162 
 1829  0533  0162 
 1830  0532  0162 
 1831  0530  0161 
 1832  0536  0163 
 1833  0533  0162 
 1834  0535  0163 
 1835  0530  0161 
 1836  0529  0161 
 1837  0532  0162 
 1838  0529  0161 
 1839  0531  0161 
 1840  0532  0162 
 1841  0532  0162 
 1842  0529  0161 
 1843  0531  0161 
 1844  0530  0161 
 1845  0528  0160 
 1846  0529  0161 
 1847  0526  0160 
 1848  0528  0160 
 1849  0529  0161 
 1850  0530  0161 
 1851  0530  0161 
 1852  0531  0161 
 1853  0527  0160 
 1854  0529  0161 
 1855  0531  0161 
 1856  0528  0160 
 1857  0531  0161 
 1858  0531  0161 
 1859  0531  0161 
 1860  0534  0162 
 1861  0530  0161 
 1862  0530  0161 
 1863  0534  0162 
 1864  0533  0162 
 1865  0533  0162 
 1866  0534  0162 
 1867  0529  0161 
 1868  0532  0162 
 1869  0532  0162 
 1870  0530  0161 
 1871  0534  0162 
 1872  0532  0162 
 1873  0532  0162 
 1874  0529  0161 
 1875  0531  0161 
 1876  0534  0162 
 1877  0535  0163 
 1878  0536  0163 
 1879  0536  0163 
 1880  0536  0163 
 1881  0534  0162 
 1882  0534  0162 
 1883  0533  0162 
 1884  0536  0163 
 1885  0533  0162 
 1886  0536  0163 
 1887  0537  0163 
 1888  0535  0163 
 1889  0536  0163 
 1890  0536  0163 
 1891  0538  0163 
 1892  0537  0163 
 1893  0539  0164 
 1894  0539  0164 
 1895  0536  0163 
 1896  0535  0163 
 1897  0537  0163 
 1898  0538  0163 
 1899  0537  0163 
 1900  0537  0163 
 1901  0540  0164 
 1902  0540  0164 
 1903  0541  0164 
 1904  0541  0164 
 1905  0543  0165 
 1906  0542  0165 
 1907  0542  0165 
 1908  0542  0165 
 1909  0543  0165 
 1910  0543  0165 
 1911  0542  0165 
 1912  0545  0166 
 1913  0544  0165 
 1914  0541  0164 
 1915  0545  0166 
 1916  0543  0165 
 1917  0544  0165 
 1918  0544  0165 
 1919  0544  0165 
 1920  0542  0165 
 1921  0542  0165 
 1922  0543  0165 
 1923  0542  0165 
 1924  0545  0166 
 1925  0544  0165 
 1926  0546  0166 
 1927  0549  0167 
 1928  0545  0166 
 1929  0547  0166 
 1930  0550  0167 
 1931  0549  0167 
 1932  0549  0167 
 1933  0547  0166 
 1934  0548  0167 
 1935  0547  0166 
 1936  0548  0167 
 1937  0548  0167 
 1938  0548  0167 
 1939  0549  0167 
 1940  0550  0167 
 1941  0553  0168 
 1942  0554  0168 
 1943  0551  0167 
 1944  0551  0167 
 1945  0552  0168 
 1946  0551  0167 
 1947  0552  0168 
 1948  0548  0167 
 1949  0550  0167 
 1950  0551  0167 
 1951  0554  0168 
 1952  0553  0168 
 1953  0552  0168 
 1954  0551  0167 
 1955  0550  0167 
 1956  0552  0168 
 1957  0553  0168 
 1958  0553  0168 
 1959  0554  0168 
 1960  0553  0168 
 1961  0553  0168 
 1962  0553  0168 
 1963  0552  0168 
 1964  0556  0169 
 1965  0555  0169 
 1966  0554  0168 
 1967  0551  0167 
 1968  0552  0168 
 1969  0552  0168 
 1970  0556  0169 
 1971  0552  0168 
 1972  0555  0169 
 1973  0556  0169 
 1974  0552  0168 
 1975  0554  0168 
 1976  0554  0168 
 1977  0556  0169 
 1978  0556  0169 
 1979  0554  0168 
 1980  0557  0169 
 1981  0556  0169 
 1982  0554  0168 
 1983  0555  0169 
 1984  0557  0169 
 1985  0559  0170 
 1986  0557  0169 
 1987  0559  0170 
 1988  0558  0170 
 1989  0559  0170 
 1990  0557  0169 
 1991  0561  0170 
 1992  0563  0171 
 1993  0559  0170 
 1994  0555  0169 
 1995  0559  0170 
 1996  0559  0170 
 1997  0559  0170 
 1998  0559  0170 
 1999  0560  0170 
 2000  0560  0170 
 2001  0565  0172 
 2002  0561  0170 
 2003  0558  0170 
 2004  0564  0171 
 2005  0561  0170 
 2006  0561  0170 
 2007  0564  0171 
 2008  0563  0171 
 2009  0562  0171 
 2010  0565  0172 
 2011  0562  0171 
 2012  0566  0172 
 2013  0566  0172 
 2014  0564  0171 
 2015  0564  0171 
 2016  0562  0171 
 2017  0564  0171 
 2018  0567  0172 
 2019  0566  0172 
 2020  0567  0172 
 2021  0567  0172 
 2022  0569  0173 
 2023  0567  0172 
 2024  0571  0174 
 2025  0570  0173 
 2026  0568  0173 
 2027  0571  0174 
 2028  0571  0174 
 2029  0571  0174 
 2030  0571  0174 
 2031  0571  0174 
 2032  0568  0173 
 2033  0570  0173 
 2034  0572  0174 
 2035  0575  0175 
 2036  0571  0174 
 2037  0570  0173 
 2038  0575  0175 
 2039  0575  0175 
 2040  0573  0174 
 2041  0570  0173 
 2042  0572  0174 
 2043  0573  0174 
 2044  0572  0174 
 2045  0572  0174 
 2046  0573  0174 
 2047  0573  0174 
 2048  0572  0174 
 2049  0572  0174 
 2050  0574  0174 
 2051  0572  0174 
 2052  0575  0175 
 2053  0573  0174 
 2054  0574  0174 
 2055  0575  0175 
 2056  0577  0175 
 2057  0577  0175 
 2058  0573  0174 
 2059  0574  0174 
 2060  0573  0174 
 2061  0576  0175 
 2062  0575  0175 
 2063  0576  0175 
 2064  0573  0174 
 2065  0575  0175 
 2066  0574  0174 
 2067  0573  0174 
 2068  0577  0175 
 2069  0579  0176 
 2070  0576  0175 
 2071  0576  0175 
 2072  0576  0175 
 2073  0578  0176 
 2074  0577  0175 
 2075  0576  0175 
 2076  0576  0175 
 2077  0578  0176 
 2078  0576  0175 
 2079  0576  0175 
 2080  0576  0175 
 2081  0578  0176 
 2082  0576  0175 
 2083  0577  0175 
 2084  0574  0174 
 2085  0575  0175 
 2086  0578  0176 
 2087  0577  0175 
 2088  0575  0175 
 2089  0573  0174 
 2090  0572  0174 
 2091  0577  0175 
 2092  0578  0176 
 2093  0578  0176 
 2094  0578  0176 
 2095  0574  0174 
 2096  0577  0175 
 2097  0577  0175 
 2098  0578  0176 
 2099  0576  0175 
 2100  0576  0175 
 2101  0578  0176 
 2102  0576  0175 
 2103  0577  0175 
 2104  0576  0175 
 2105  0576  0175 
 2106  0578  0176 
 2107  0577  0175 
 2108  0579  0176 
 2109  0578  0176 
 2110  0575  0175 
 2111  0573  0174 
 2112  0579  0176 
 2113  0579  0176 
 2114  0576  0175 
 2115  0578  0176 
 2116  0578  0176 
 2117  0581  0177 
 2118  0581  0177 
 2119  0579  0176 
 2120  0578  0176 
 2121  0579  0176 
 2122  0577  0175 
 2123  0578  0176 
 2124  0580  0176 
 2125  0577  0175 
 2126  0578  0176 
 2127  0580  0176 
 2128  0578  0176 
 2129  0580  0176 
 2130  0577  0175 
 2131  0578  0176 
 2132  0580  0176 
 2133  0578  0176 
 2134  0582  0177 
 2135  0580  0176 
 2136  0582  0177 
 2137  0578  0176 
 2138  0581  0177 
 2139  0580  0176 
 2140  0580  0176 
 2141  0577  0175 
 2142  0579  0176 
 2143  0580  0176 
 2144  0579  0176 
 2145  0578  0176 
 2146  0578  0176 
 2147  0577  0175 
 2148  0579  0176 
 2149  0581  0177 
 2150  0582  0177 
 2151  0582  0177 
 2152  0581  0177 
 2153  0579  0176 
 2154  0577  0175 
 2155  0581  0177 
 2156  0578  0176 
 2157  0576  0175 
 2158  0581  0177 
 2159  0578  0176 
 2160  0582  0177 
 2161  0577  0175 
 2162  0575  0175 
 2163  0577  0175 
 2164  0579  0176 
 2165  0577  0175 
 2166  0579  0176 
 2167  0578  0176 
 2168  0576  0175 
 2169  0576  0175 
 2170  0578  0176 
 2171  0578  0176 
 2172  0580  0176 
 2173  0575  0175 
 2174  0581  0177 
 2175  0578  0176 
 2176  0578  0176 
 2177  0578  0176 
 2178  0578  0176 
 2179  0581  0177 
 2180  0579  0176 
 2181  0580  0176 
 2182  0579  0176 
 2183  0580  0176 
 2184  0577  0175 
 2185  0583  0177 
 2186  0578  0176 
 2187  0580  0176 
 2188  0579  0176 
 2189  0577  0175 
 2190  0580  0176 
 2191  0580  0176 
 2192  0579  0176 
 2193  0579  0176 
 2194  0578  0176 
 2195  0578  0176 
 2196  0578  0176 
 2197  0582  0177 
 2198  0582  0177 
 2199  0578  0176 
 2200  0577  0175 
 2201  0578  0176 
 2202  0580  0176 
 2203  0579  0176 
 2204  0580  0176 
 2205  0580  0176 
 2206  0576  0175 
 2207  0579  0176 
 2208  0578  0176 
 2209  0578  0176 
 2210  0578  0176 
 2211  0580  0176 
 2212  0581  0177 
 2213  0579  0176 
 2214  0581  0177 
 2215  0581  0177 
 2216  0579  0176 
 2217  0579  0176 
 2218  0580  0176 
 2219  0578  0176 
 2220  0579  0176 
 2221  0578  0176 
 2222  0578  0176 
 2223  0577  0175 
 2224  0580  0176 
 2225  0580  0176 
 2226  0581  0177 
 2227  0577  0175 
 2228  0578  0176 
 2229  0577  0175 
 2230  0578  0176 
 2231  0579  0176 
 2232  0581  0177 
 2233  0579  0176 
 2234  0580  0176 
 2235  0581  0177 
 2236  0578  0176 
 2237  0580  0176 
 2238  0579  0176 
 2239  0580  0176 
 2240  0579  0176 
 2241  0582  0177 
 2242  0580  0176 
 2243  0580  0176 
 2244  0578  0176 
 2245  0580  0176 
 2246  0580  0176 
 2247  0580  0176 
 2248  0580  0176 
 2249  0581  0177 
 2250  0580  0176 
 2251  0580  0176 
 2252  0582  0177 
 2253  0578  0176 
 2254  0576  0175 
 2255  0578  0176 
 2256  0583  0177 
 2257  0580  0176 
 2258  0584  0178 
 2259  0581  0177 
 2260  0581  0177 
 2261  0579  0176 
 2262  0578  0176 
 2263  0578  0176 
 2264  0577  0175 
 2265  0579  0176 
 2266  0578  0176 
 2267  0577  0175 
 2268  0579  0176 
 2269  0577  0175 
 2270  0578  0176 
 2271  0579  0176 
 2272  0577  0175 
 2273  0576  0175 
 2274  0579  0176 
 2275  0577  0175 
 2276  0580  0176 
 2277  0577  0175 
 2278  0578  0176 
 2279  0580  0176 
 2280  0582  0177 
 2281  0581  0177 
 2282  0577  0175 
 2283  0580  0176 
 2284  0580  0176 
 2285  0578  0176 
 2286  0578  0176 
 2287  0578  0176 
 2288  0582  0177 
 2289  0580  0176 
 2290  0578  0176 
 2291  0579  0176 
 2292  0578  0176 
 2293  0578  0176 
 2294  0578  0176 
 2295  0578  0176 
 2296  0578  0176 
 2297  0578  0176 
 2298  0577  0175 
 2299  0576  0175 
 2300  0576  0175 
 2301  0576  0175 
 2302  0577  0175 
 2303  0577  0175 
 2304  0577  0175 
 2305  0578  0176 
 2306  0578  0176 
 2307  0578  0176 
 2308  0576  0175 
 2309  0577  0175 
 2310  0579  0176 
 2311  0579  0176 
 2312  0578  0176 
 2313  0575  0175 
 2314  0576  0175 
 2315  0577  0175 
 2316  0576  0175 
 2317  0579  0176 
 2318  0576  0175 
 2319  0580  0176 
 2320  0577  0175 
 2321  0579  0176 
 2322  0574  0174 
 2323  0579  0176 
 2324  0578  0176 
 2325  0576  0175 
 2326  0578  0176 
 2327  0577  0175 
 2328  0580  0176 
 2329  0578  0176 
 2330  0580  0176 
 2331  0579  0176 
 2332  0578  0176 
 2333  0576  0175 
 2334  0576  0175 
 2335  0578  0176 
 2336  0578  0176 
 2337  0575  0175 
 2338  0576  0175 
 2339  0576  0175 
 2340  0575  0175 
 2341  0576  0175 
 2342  0575  0175 
 2343  0575  0175 
 2344  0574  0174 
 2345  0575  0175 
 2346  0577  0175 
 2347  0576  0175 
 2348  0574  0174 
 2349  0575  0175 
 2350  0574  0174 
 2351  0575  0175 
 2352  0577  0175 
 2353  0578  0176 
 2354  0573  0174 
 2355  0576  0175 
 2356  0574  0174 
 2357  0574  0174 
 2358  0576  0175 
 2359  0575  0175 
 2360  0573  0174 
 2361  0574  0174 
 2362  0576  0175 
 2363  0577  0175 
 2364  0574  0174 
 2365  0575  0175 
 2366  0572  0174 
 2367  0571  0174 
 2368  0571  0174 
 2369  0572  0174 
 2370  0573  0174 
 2371  0572  0174 
 2372  0572  0174 
 2373  0571  0174 
 2374  0573  0174 
 2375  0573  0174 
 2376  0573  0174 
 2377  0573  0174 
 2378  0573  0174 
 2379  0572  0174 
 2380  0569  0173 
 2381  0571  0174 
 2382  0571  0174 
 2383  0569  0173 
 2384  0573  0174 
 2385  0572  0174 
 2386  0571  0174 
 2387  0568  0173 
 2388  0568  0173 
 2389  0568  0173 
 2390  0568  0173 
 2391  0571  0174 
 2392  0570  0173 
 2393  0569  0173 
 2394  0570  0173 
 2395  0568  0173 
 2396  0572  0174 
 2397  0569  0173 
 2398  0568  0173 
 2399  0569  0173 
 2400  0567  0172 
 2401  0567  0172 
 2402  0566  0172 
 2403  0567  0172 
 2404  0567  0172 
 2405  0567  0172 
 2406  0568  0173 
 2407  0565  0172 
 2408  0564  0171 
 2409  0564  0171 
 2410  0564  0171 
 2411  0566  0172 
 2412  0564  0171 
 2413  0565  0172 
 2414  0565  0172 
 2415  0564  0171 
 2416  0564  0171 
 2417  0561  0170 
 2418  0563  0171 
 2419  0564  0171 
 2420  0563  0171 
 2421  0566  0172 
 2422  0564  0171 
 2423  0562  0171 
 2424  0564  0171 
 2425  0563  0171 
 2426  0563  0171 
 2427  0560  0170 
 2428  0558  0170 
 2429  0561  0170 
 2430  0559  0170 
 2431  0563  0171 
 2432  0560  0170 
 2433  0561  0170 
 2434  0559  0170 
 2435  0559  0170 
 2436  0558  0170 
 2437  0564  0171 
 2438  0561  0170 
 2439  0560  0170 
 2440  0559  0170 
 2441  0560  0170 
 2442  0563  0171 
 2443  0560  0170 
 2444  0559  0170 
 2445  0562  0171 
 2446  0560  0170 
 2447  0559  0170 
 2448  0559  0170 
 2449  0559  0170 
 2450  0561  0170 
 2451  0557  0169 
 2452  0561  0170 
 2453  0560  0170 
 2454  0561  0170 
 2455  0561  0170 
 2456  0560  0170 
 2457  0559  0170 
 2458  0559  0170 
 2459  0559  0170 
 2460  0560  0170 
 2461  0558  0170 
 2462  0555  0169 
 2463  0556  0169 
 2464  0557  0169 
 2465  0557  0169 
 2466  0559  0170 
 2467  0558  0170 
 2468  0555  0169 
 2469  0556  0169 
 2470  0553  0168 
 2471  0558  0170 
 2472  0557  0169 
 2473  0556  0169 
 2474  0554  0168 
 2475  0553  0168 
 2476  0555  0169 
 2477  0552  0168 
 2478  0555  0169 
 2479  0553  0168 
 2480  0555  0169 
 2481  0554  0168 
 2482  0551  0167 
 2483  0553  0168 
 2484  0554  0168 
 2485  0552  0168 
 2486  0553  0168 
 2487  0553  0168 
 2488  0550  0167 
 2489  0550  0167 
 2490  0552  0168 
 2491  0554  0168 
 2492  0549  0167 
 2493  0551  0167 
 2494  0552  0168 
 2495  0549  0167 
 2496  0553  0168 
 2497  0549  0167 
 2498  0552  0168 
 2499  0550  0167 
 2500  0549  0167 
 2501  0549  0167 
 2502  0550  0167 
 2503  0551  0167 
 2504  0551  0167 
 2505  0547  0166 
 2506  0546  0166 
 2507  0550  0167 
 2508  0549  0167 
 2509  0545  0166 
 2510  0550  0167 
 2511  0549  0167 
 2512  0548  0167 
 2513  0548  0167 
 2514  0550  0167 
 2515  0545  0166 
 2516  0549  0167 
 2517  0550  0167 
 2518  0545  0166 
 2519  0547  0166 
 2520  0546  0166 
 2521  0548  0167 
 2522  0548  0167 
 2523  0548  0167 
 2524  0544  0165 
 2525  0542  0165 
 2526  0543  0165 
 2527  0543  0165 
 2528  0544  0165 
 2529  0546  0166 
 2530  0545  0166 
 2531  0545  0166 
 2532  0544  0165 
 2533  0543  0165 
 2534  0545  0166 
 2535  0543  0165 
 2536  0541  0164 
 2537  0545  0166 
 2538  0544  0165 
 2539  0544  0165 
 2540  0542  0165 
 2541  0543  0165 
 2542  0542  0165 
 2543  0545  0166 
 2544  0542  0165 
 2545  0543  0165 
 2546  0541  0164 
 2547  0541  0164 
 2548  0543  0165 
 2549  0539  0164 
 2550  0542  0165 
 2551  0543  0165 
 2552  0540  0164 
 2553  0542  0165 
 2554  0541  0164 
 2555  0540  0164 
 2556  0539  0164 
 2557  0539  0164 
 2558  0538  0163 
 2559  0540  0164 
 2560  0538  0163 
 2561  0540  0164 
 2562  0541  0164 
 2563  0540  0164 
 2564  0542  0165 
 2565  0538  0163 
 2566  0542  0165 
 2567  0539  0164 
 2568  0539  0164 
 2569  0541  0164 
 2570  0538  0163 
 2571  0536  0163 
 2572  0537  0163 
 2573  0535  0163 
 2574  0537  0163 
 2575  0540  0164 
 2576  0539  0164 
 2577  0538  0163 
 2578  0537  0163 
 2579  0535  0163 
 2580  0537  0163 
 2581  0539  0164 
 2582  0537  0163 
 2583  0534  0162 
 2584  0535  0163 
 2585  0534  0162 
 2586  0536  0163 
 2587  0532  0162 
 2588  0531  0161 
 2589  0531  0161 
 2590  0534  0162 
 2591  0536  0163 
 2592  0536  0163 
 2593  0534  0162 
 2594  0534  0162 
 2595  0535  0163 
 2596  0537  0163 
 2597  0535  0163 
 2598  0534  0162 
 2599  0531  0161 
 2600  0536  0163 
 2601  0534  0162 
 2602  0536  0163 
 2603  0534  0162 
 2604  0535  0163 
 2605  0535  0163 
 2606  0531  0161 
 2607  0532  0162 
 2608  0535  0163 
 2609  0533  0162 
 2610  0534  0162 
 2611  0533  0162 
 2612  0533  0162 
 2613  0532  0162 
 2614  0530  0161 
 2615  0529  0161 
 2616  0532  0162 
 2617  0531  0161 
 2618  0536  0163 
 2619  0534  0162 
 2620  0533  0162 
 2621  0533  0162 
 2622  0531  0161 
 2623  0531  0161 
 2624  0531  0161 
 2625  0535  0163 
 2626  0530  0161 
 2627  0530  0161 
 2628  0530  0161 
 2629  0531  0161 
 2630  0529  0161 
 2631  0531  0161 
 2632  0532  0162 
 2633  0528  0160 
 2634  0529  0161 
 2635  0528  0160 
 2636  0529  0161 
 2637  0530  0161 
 2638  0532  0162 
 2639  0531  0161 
 2640  0532  0162 
 2641  0531  0161 
 2642  0530  0161 
 2643  0531  0161 
 2644  0535  0163 
 2645  0534  0162 
 2646  0529  0161 
 2647  0529  0161 
 2648  0529  0161 
 2649  0531  0161 
 2650  0530  0161 
 2651  0529  0161 
 2652  0530  0161 
 2653  0530  0161 
 2654  0531  0161 
 2655  0533  0162 
 2656  0530  0161 
 2657  0529  0161 
 2658  0532  0162 
 2659  0530  0161 
 2660  0530  0161 
 2661  0533  0162 
 2662  0530  0161 
 2663  0528  0160 
 2664  0530  0161 
 2665  0528  0160 
 2666  0528  0160 
 2667  0529  0161 
 2668  0528  0160 
 2669  0528  0160 
 2670  0530  0161 
 2671  0530  0161 
 2672  0533  0162 
 2673  0529  0161 
 2674  0532  0162 
 2675  0530  0161 
 2676  0530  0161 
 2677  0533  0162 
 2678  0532  0162 
 2679  0529  0161 
 2680  0530  0161 
 2681  0532  0162 
 2682  0531  0161 
 2683  0532  0162 
 2684  0532  0162 
 2685  0532  0162 
 2686  0533  0162 
 2687  0530  0161 
 2688  0531  0161 
 2689  0534  0162 
 2690  0531  0161 
 2691  0530  0161 
 2692  0529  0161 
 2693  0531  0161 
 2694  0533  0162 
 2695  0532  0162 
 2696  0531  0161 
 2697  0531  0161 
 2698  0529  0161 
 2699  0531  0161 
 2700  0531  0161 
 2701  0532  0162 
 2702  0527  0160 
 2703  0531  0161 
 2704  0527  0160 
 2705  0532  0162 
 2706  0531  0161 
 2707  0532  0162 
 2708  0529  0161 
 2709  0527  0160 
 2710  0530  0161 
 2711  0529  0161 
 2712  0531  0161 
 2713  0529  0161 
 2714  0530  0161 
 2715  0532  0162 
 2716  0530  0161 
 2717  0529  0161 
 2718  0530  0161 
 2719  0529  0161 
 2720  0529  0161 
 2721  0531  0161 
 2722  0529  0161 
 2723  0529  0161 
 2724  0528  0160 
 2725  0527  0160 
 2726  0528  0160 
 2727  0529  0161 
 2728  0528  0160 
 2729  0531  0161 
 2730  0528  0160 
 2731  0527  0160 
 2732  0528  0160 
 2733  0529  0161 
 2734  0524  0159 
 2735  0527  0160 
 2736  0526  0160 
 2737  0531  0161 
 2738  0531  0161 
 2739  0525  0160 
 2740  0528  0160 
 2741  0528  0160 
 2742  0526  0160 
 2743  0529  0161 
 2744  0530  0161 
 2745  0530  0161 
 2746  0528  0160 
 2747  0528  0160 
 2748  0531  0161 
 2749  0530  0161 
 2750  0531  0161 
 2751  0529  0161 
 2752  0530  0161 
 2753  0530  0161 
 2754  0528  0160 
 2755  0530  0161 
 2756  0534  0162 
 2757  0528  0160 
 2758  0529  0161 
 2759  0530  0161 
 2760  0531  0161 
 2761  0531  0161 
 2762  0531  0161 
 2763  0531  0161 
 2764  0529  0161 
 2765  0530  0161 
 2766  0530  0161 
 2767  0529  0161 
 2768  0529  0161 
 2769  0531  0161 
 2770  0529  0161 
 2771  0530  0161 
 2772  0529  0161 
 2773  0528  0160 
 2774  0529  0161 
 2775  0530  0161 
 2776  0532  0162 
 2777  0529  0161 
 2778  0529  0161 
 2779  0530  0161 
 2780  0533  0162 
 2781  0529  0161 
 2782  0533  0162 
 2783  0532  0162 
 2784  0530  0161 
 2785  0531  0161 
 2786  0531  0161 
 2787  0531  0161 
 2788  0528  0160 
 2789  0529  0161 
 2790  0528  0160 
 2791  0525  0160 
 2792  0529  0161 
 2793  0528  0160 
 2794  0530  0161 
 2795  0531  0161 
 2796  0531  0161 
 2797  0529  0161 
 2798  0528  0160 
 2799  0526  0160 
 2800  0528  0160 
 2801  0529  0161 
 2802  0528  0160 
 2803  0531  0161 
 2804  0527  0160 
 2805  0530  0161 
 2806  0527  0160 
 2807  0528  0160 
 2808  0527  0160 
 2809  0525  0160 
 2810  0528  0160 
 2811  0530  0161 
 2812  0531  0161 
 2813  0526  0160 
 2814  0526  0160 
 2815  0527  0160 
 2816  0528  0160 
 2817  0530  0161 
 2818  0526  0160 
 2819  0529  0161 
 2820  0528  0160 
 2821  0525  0160 
 2822  0526  0160 
 2823  0530  0161 
 2824  0531  0161 
 2825  0529  0161 
 2826  0528  0160 
 2827  0527  0160 
 2828  0529  0161 
 2829  0531  0161 
 2830  0528  0160 
 2831  0531  0161 
 2832  0530  0161 
 2833  0526  0160 
 2834  0529  0161 
 2835  0527  0160 
 2836  0530  0161 
 2837  0531  0161 
 2838  0529  0161 
 2839  0529  0161 
 2840  0527  0160 
 2841  0526  0160 
 2842  0529  0161 
 2843  0529  0161 
 2844  0527  0160 
 2845  0527  0160 
 2846  0529  0161 
 2847  0523  0159 
 2848  0525  0160 
 2849  0528  0160 
 2850  0529  0161 
 2851  0527  0160 
 2852  0529  0161 
 2853  0530  0161 
 2854  0528  0160 
 2855  0528  0160 
 2856  0529  0161 
 2857  0527  0160 
 2858  0528  0160 
 2859  0528  0160 
 2860  0530  0161 
 2861  0527  0160 
 2862  0529  0161 
 2863  0529  0161 
 2864  0529  0161 
 2865  0530  0161 
 2866  0528  0160 
 2867  0531  0161 
 2868  0530  0161 
 2869  0530  0161 
 2870  0530  0161 
 2871  0532  0162 
 2872  0532  0162 
 2873  0528  0160 
 2874  0531  0161 
 2875  0530  0161 
 2876  0531  0161 
 2877  0533  0162 
 2878  0532  0162 
 2879  0530  0161 
 2880  0531  0161 
 2881  0531  0161 
 2882  0535  0163 
 2883  0533  0162 
 2884  0533  0162 
 2885  0532  0162 
 2886  0536  0163 
 2887  0532  0162 
 2888  0534  0162 
 2889  0534  0162 
 2890  0535  0163 
 2891  0537  0163 
 2892  0534  0162 
 2893  0534  0162 
 2894  0536  0163 
 2895  0533  0162 
 2896  0536  0163 
 2897  0536  0163 
 2898  0536  0163 
 2899  0535  0163 
 2900  0536  0163 
 2901  0539  0164 
 2902  0537  0163 
 2903  0540  0164 
 2904  0540  0164 
 2905  0537  0163 
 2906  0537  0163 
 2907  0540  0164 
 2908  0538  0163 
 2909  0537  0163 
 2910  0540  0164 
 2911  0542  0165 
 2912  0544  0165 
 2913  0542  0165 
 2914  0542  0165 
 2915  0544  0165 
 2916  0543  0165 
 2917  0540  0164 
 2918  0543  0165 
 2919  0541  0164 
 2920  0542  0165 
 2921  0540  0164 
 2922  0542  0165 
 2923  0543  0165 
 2924  0543  0165 
 2925  0545  0166 
 2926  0544  0165 
 2927  0545  0166 
 2928  0541  0164 
 2929  0543  0165 
 2930  0547  0166 
 2931  0542  0165 
 2932  0545  0166 
 2933  0543  0165 
 2934  0544  0165 
 2935  0545  0166 
 2936  0544  0165 
 2937  0545  0166 
 2938  0543  0165 
 2939  0547  0166 
 2940  0545  0166 
 2941  0547  0166 
 2942  0543  0165 
 2943  0546  0166 
 2944  0545  0166 
 2945  0546  0166 
 2946  0549  0167 
 2947  0546  0166 
 2948  0545  0166 
 2949  0547  0166 
 2950  0548  0167 
 2951  0549  0167 
 2952  0546  0166 
 2953  0545  0166 
 2954  0548  0167 
 2955  0548  0167 
 2956  0550  0167 
 2957  0550  0167 
 2958  0553  0168 
 2959  0548  0167 
 2960  0548  0167 
 2961  0548  0167 
 2962  0547  0166 
 2963  0552  0168 
 2964  0552  0168 
 2965  0551  0167 
 2966  0556  0169 
 2967  0555  0169 
 2968  0552  0168 
 2969  0555  0169 
 2970  0551  0167 
 2971  0553  0168 
 2972  0557  0169 
 2973  0554  0168 
 2974  0552  0168 
 2975  0553  0168 
 2976  0556  0169 
 2977  0554  0168 
 2978  0555  0169 
 2979  0556  0169 
 2980  0554  0168 
 2981  0555  0169 
 2982  0557  0169 
 2983  0554  0168 
 2984  0556  0169 
 2985  0555  0169 
 2986  0554  0168 
 2987  0556  0169 
 2988  0556  0169 
 2989  0556  0169 
 2990  0556  0169 
 2991  0560  0170 
 2992  0558  0170 
 2993  0557  0169 
 2994  0560  0170 
 2995  0560  0170 
 2996  0558  0170 
 2997  0558  0170 
 2998  0562  0171 
 2999  0561  0170 
 3000  0558  0170 
 3001  0562  0171 
 3002  0561  0170 
 3003  0563  0171 
 3004  0562  0171 
 3005  0562  0171 
 3006  0564  0171 
 3007  0561  0170 
 3008  0563  0171 
 3009  0561  0170 
 3010  0562  0171 
 3011  0564  0171 
 3012  0562  0171 
 3013  0564  0171 
 3014  0564  0171 
 3015  0567  0172 
 3016  0567  0172 
 3017  0563  0171 
 3018  0566  0172 
 3019  0563  0171 
 3020  0566  0172 
 3021  0564  0171 
 3022  0568  0173 
 3023  0569  0173 
 3024  0568  0173 
 3025  0568  0173 
 3026  0567  0172 
 3027  0569  0173 
 3028  0565  0172 
 3029  0566  0172 
 3030  0571  0174 
 3031  0572  0174 
 3032  0568  0173 
 3033  0569  0173 
 3034  0570  0173 
 3035  0569  0173 
 3036  0569  0173 
 3037  0567  0172 
 3038  0570  0173 
 3039  0569  0173 
 3040  0570  0173 
 3041  0570  0173 
 3042  0570  0173 
 3043  0571  0174 
 3044  0568  0173 
 3045  0570  0173 
 3046  0571  0174 
 3047  0573  0174 
 3048  0572  0174 
 3049  0572  0174 
 3050  0570  0173 
 3051  0571  0174 
 3052  0571  0174 
 3053  0573  0174 
 3054  0573  0174 
 3055  0575  0175 
 3056  0576  0175 
 3057  0576  0175 
 3058  0576  0175 
 3059  0575  0175 
 3060  0575  0175 
 3061  0577  0175 
 3062  0575  0175 
 3063  0574  0174 
 3064  0580  0176 
 3065  0575  0175 
 3066  0576  0175 
 3067  0577  0175 
 3068  0579  0176 
 3069  0577  0175 
 3070  0578  0176 
 3071  0578  0176 
 3072  0580  0176 
 3073  0579  0176 
 3074  0579  0176 
 3075  0578  0176 
 3076  0581  0177 
 3077  0579  0176 
 3078  0579  0176 
 3079  0577  0175 
 3080  0579  0176 
 3081  0581  0177 
 3082  0579  0176 
 3083  0578  0176 
 3084  0580  0176 
 3085  0580  0176 
 3086  0575  0175 
 3087  0577  0175 
 3088  0577  0175 
 3089  0575  0175 
 3090  0579  0176 
 3091  0578  0176 
 3092  0579  0176 
 3093  0580  0176 
 3094  0580  0176 
 3095  0580  0176 
 3096  0579  0176 
 3097  0581  0177 
 3098  0578  0176 
 3099  0581  0177 
 3100  0578  0176 
 3101  0580  0176 
 3102  0580  0176 
 3103  0582  0177 
 3104  0579  0176 
 3105  0579  0176 
 3106  0579  0176 
 3107  0583  0177 
 3108  0580  0176 
 3109  0581  0177 
 3110  0580  0176 
 3111  0578  0176 
 3112  0578  0176 
 3113  0579  0176 
 3114  0581  0177 
 3115  0579  0176 
 3116  0582  0177 
 3117  0583  0177 
 3118  0580  0176 
 3119  0581  0177 
 3120  0580  0176 
 3121  0581  0177 
 3122  0580  0176 
 3123  0577  0175 
 3124  0579  0176 
 3125  0579  0176 
 3126  0580  0176 
 3127  0581  0177 
 3128  0576  0175 
 3129  0580  0176 
 3130  0581  0177 
 3131  0580  0176 
 3132  0580  0176 
 3133  0580  0176 
 3134  0582  0177 
 3135  0579  0176 
 3136  0580  0176 
 3137  0580  0176 
 3138  0580  0176 
 3139  0581  0177 
 3140  0581  0177 
 3141  0580  0176 
 3142  0582  0177 
 3143  0582  0177 
 3144  0583  0177 
 3145  0585  0178 
 3146  0578  0176 
 3147  0577  0175 
 3148  0583  0177 
 3149  0576  0175 
 3150  0577  0175 
 3151  0580  0176 
 3152  0580  0176 
 3153  0581  0177 
 3154  0579  0176 
 3155  0581  0177 
 3156  0581  0177 
 3157  0580  0176 
 3158  0578  0176 
 3159  0579  0176 
 3160  0578  0176 
 3161  0579  0176 
 3162  0579  0176 
 3163  0579  0176 
 3164  0578  0176 
 3165  0580  0176 
 3166  0578  0176 
 3167  0579  0176 
 3168  0577  0175 
 3169  0578  0176 
 3170  0579  0176 
 3171  0577  0175 
 3172  0578  0176 
 3173  0578  0176 
 3174  0577  0175 
 3175  0575  0175 
 3176  0579  0176 
 3177  0581  0177 
 3178  0578  0176 
 3179  0579  0176 
 3180  0579  0176 
 3181  0577  0175 
 3182  0578  0176 
 3183  0581  0177 
 3184  0582  0177 
 3185  0576  0175 
 3186  0578  0176 
 3187  0579  0176 
 3188  0578  0176 
 3189  0580  0176 
 3190  0575  0175 
 3191  0575  0175 
 3192  0578  0176 
 3193  0579  0176 
 3194  0577  0175 
 3195  0579  0176 
 3196  0577  0175 
 3197  0579  0176 
 3198  0579  0176 
 3199  0579  0176 
 3200  0577  0175 
 3201  0578  0176 
 3202  0580  0176 
 3203  0577  0175 
 3204  0581  0177 
 3205  0579  0176 
 3206  0580  0176 
 3207  0576  0175 
 3208  0578  0176 
 3209  0582  0177 
 3210  0580  0176 
 3211  0577  0175 
 3212  0581  0177 
 3213  0578  0176 
 3214  0580  0176 
 3215  0579  0176 
 3216  0580  0176 
 3217  0579  0176 
 3218  0581  0177 
 3219  0581  0177 
 3220  0580  0176 
 3221  0578  0176 
 3222  0581  0177 
 3223  0579  0176 
 3224  0578  0176 
 3225  0577  0175 
 3226  0580  0176 
 3227  0579  0176 
 3228  0581  0177 
 3229  0579  0176 
 3230  0578  0176 
 3231  0578  0176 
 3232  0580  0176 
 3233  0581  0177 
 3234  0580  0176 
 3235  0580  0176 
 3236  0582  0177 
 3237  0581  0177 
 3238  0581  0177 
 3239  0581  0177 
 3240  0581  0177 
 3241  0580  0176 
 3242  0582  0177 
 3243  0581  0177 
 3244  0582  0177 
 3245  0579  0176 
 3246  0578  0176 
 3247  0580  0176 
 3248  0581  0177 
 3249  0577  0175 
 3250  0577  0175 
 3251  0577  0175 
 3252  0580  0176 
 3253  0579  0176 
 3254  0581  0177 
 3255  0581  0177 
 3256  0581  0177 
 3257  0578  0176 
 3258  0579  0176 
 3259  0579  0176 
 3260  0578  0176 
 3261  0579  0176 
 3262  0577  0175 
 3263  0580  0176 
 3264  0578  0176 
 3265  0578  0176 
 3266  0579  0176 
 3267  0578  0176 
 3268  0579  0176 
 3269  0576  0175 
 3270  0579  0176 
 3271  0580  0176 
 3272  0579  0176 
 3273  0581  0177 
 3274  0579  0176 
 3275  0581  0177 
 3276  0580  0176 
 3277  0581  0177 
 3278  0579  0176 
 3279  0581  0177 
 3280  0580  0176 
 3281  0578  0176 
 3282  0578  0176 
 3283  0580  0176 
 3284  0578  0176 
 3285  0578  0176 
 3286  0576  0175 
 3287  0575  0175 
 3288  0580  0176 
 3289  0578  0176 
 3290  0580  0176 
 3291  0581  0177 
 3292  0579  0176 
 3293  0579  0176 
 3294  0581  0177 
 3295  0581  0177 
 3296  0581  0177 
 3297  0577  0175 
 3298  0581  0177 
 3299  0580  0176 
 3300  0578  0176 
 3301  0577  0175 
 3302  0577  0175 
 3303  0580  0176 
 3304  0582  0177 
 3305  0581  0177 
 3306  0579  0176 
 3307  0578  0176 
 3308  0582  0177 
 3309  0581  0177 
 3310  0581  0177 
 3311  0579  0176 
 3312  0578  0176 
 3313  0577  0175 
 3314  0583  0177 
 3315  0582  0177 
 3316  0579  0176 
 3317  0583  0177 
 3318  0580  0176 
 3319  0580  0176 
 3320  0580  0176 
 3321  0580  0176 
 3322  0579  0176 
 3323  0578  0176 
 3324  0578  0176 
 3325  0577  0175 
 3326  0579  0176 
 3327  0577  0175 
 3328  0579  0176 
 3329  0580  0176 
 3330  0581  0177 
 3331  0580  0176 
 3332  0581  0177 
 3333  0579  0176 
 3334  0580  0176 
 3335  0579  0176 
 3336  0577  0175 
 3337  0579  0176 
 3338  0577  0175 
 3339  0579  0176 
 3340  0581  0177 
 3341  0581  0177 
 3342  0578  0176 
 3343  0580  0176 
 3344  0578  0176 
 3345  0578  0176 
 3346  0580  0176 
 3347  0578  0176 
 3348  0576  0175 
 3349  0578  0176 
 3350  0577  0175 
 3351  0576  0175 
 3352  0577  0175 
 3353  0581  0177 
 3354  0580  0176 
 3355  0575  0175 
 3356  0577  0175 
 3357  0578  0176 
 3358  0576  0175 
 3359  0578  0176 
 3360  0577  0175 
 3361  0579  0176 
 3362  0579  0176 
 3363  0579  0176 
 3364  0578  0176 
 3365  0579  0176 
 3366  0578  0176 
 3367  0579  0176 
 3368  0578  0176 
 3369  0579  0176 
 3370  0576  0175 
 3371  0578  0176 
 3372  0574  0174 
 3373  0576  0175 
 3374  0576  0175 
 3375  0575  0175 
 3376  0577  0175 
 3377  0575  0175 
 3378  0575  0175 
 3379  0576  0175 
 3380  0576  0175 
 3381  0574  0174 
 3382  0574  0174 
 3383  0573  0174 
 3384  0574  0174 
 3385  0575  0175 
 3386  0573  0174 
 3387  0576  0175 
 3388  0575  0175 
 3389  0577  0175 
 3390  0572  0174 
 3391  0573  0174 
 3392  0571  0174 
 3393  0572  0174 
 3394  0576  0175 
 3395  0570  0173 
 3396  0574  0174 
 3397  0571  0174 
 3398  0573  0174 
 3399  0573  0174 
 3400  0571  0174 
 3401  0569  0173 
 3402  0568  0173 
 3403  0572  0174 
 3404  0574  0174 
 3405  0571  0174 
 3406  0571  0174 
 3407  0570  0173 
 3408  0570  0173 
 3409  0569  0173 
 3410  0570  0173 
 3411  0571  0174 
 3412  0573  0174 
 3413  0573  0174 
 3414  0571  0174 
 3415  0573  0174 
 3416  0571  0174 
 3417  0568  0173 
 3418  0570  0173 
 3419  0569  0173 
 3420  0566  0172 
 3421  0568  0173 
 3422  0568  0173 
 3423  0568  0173 
 3424  0566  0172 
 3425  0569  0173 
 3426  0570  0173 
 3427  0567  0172 
 3428  0569  0173 
 3429  0569  0173 
 3430  0568  0173 
 3431  0567  0172 
 3432  0567  0172 
 3433  0567  0172 
 3434  0566  0172 
 3435  0568  0173 
 3436  0566  0172 
 3437  0566  0172 
 3438  0564  0171 
 3439  0564  0171 
 3440  0564  0171 
 3441  0564  0171 
 3442  0566  0172 
 3443  0564  0171 
 3444  0565  0172 
 3445  0567  0172 
 3446  0567  0172 
 3447  0564  0171 
 3448  0564  0171 
 3449  0564  0171 
 3450  0565  0172 
 3451  0563  0171 
 3452  0564  0171 
 3453  0565  0172 
 3454  0567  0172 
 3455  0568  0173 
 3456  0564  0171 
 3457  0566  0172 
 3458  0563  0171 
 3459  0563  0171 
 3460  0562  0171 
 3461  0560  0170 
 3462  0562  0171 
 3463  0565  0172 
 3464  0561  0170 
 3465  0562  0171 
 3466  0562  0171 
 3467  0562  0171 
 3468  0562  0171 
 3469  0564  0171 
 3470  0564  0171 
 3471  0561  0170 
 3472  0562  0171 
 3473  0559  0170 
 3474  0561  0170 
 3475  0562  0171 
 3476  0561  0170 
 3477  0560  0170 
 3478  0559  0170 
 3479  0561  0170 
 3480  0562  0171 
 3481  0562  0171 
 3482  0561  0170 
 3483  0560  0170 
 3484  0559  0170 
 3485  0559  0170 
 3486  0557  0169 
 3487  0562  0171 
 3488  0562  0171 
 3489  0559  0170 
 3490  0559  0170 
 3491  0557  0169 
 3492  0560  0170 
 3493  0561  0170 
 3494  0559  0170 
 3495  0559  0170 
 3496  0561  0170 
 3497  0557  0169 
 3498  0561  0170 
 3499  0558  0170 
ch> 